{"results":[{"atoms":["H","H"],"basis":"sto-3g","numCols":2,"numRows":2,"positions":[0.0,0.0,0.0,1.0,0.5,0.75],"values":[1.0000000000699916,0.6779385165395414,0.6779385165395414,1.0000000000699916]},{"atoms":["H","He"],"basis":"sto-3g","numCols":2,"numRows":2,"positions":[0.0,0.0,0.0,1.0,0.5,0.75],"values":[1.0000000000699916,0.5805292292411394,0.5805292292411394,1.0000000001107725]},{"atoms":["H","Li"],"basis":"sto-3g","numCols":6,"numRows":6,"positions":[0.0,0.0,0.0,1.0,0.5,0.75],"values":[1.0000000000699916,0.38661974257484993,0.5856179192385217,-0.35506336535009586,-0.17753168267504793,-0.2662975240125719,0.38661974257484993,1.0000000000865292,0.24113657387766618,0.0,0.0,-4.8103807909261204e-17,0.5856179192385217,0.24113657387766618,1.0000000000680496,0.0,0.0,3.509255639710337e-17,-0.35506336535009586,0.0,0.0,1.0000000000245315,0.0,0.0,-0.17753168267504793,0.0,0.0,0.0,1.0000000000245315,0.0,-0.2662975240125719,-4.8103807909261204e-17,3.509255639710337e-17,0.0,0.0,1.0000000000245315]},{"atoms":["H","Be"],"basis":"sto-3g","numCols":6,"numRows":6,"positions":[0.0,0.0,0.0,1.0,0.5,0.75],"values":[1.0000000000699916,0.266206812924441,0.7084961406291432,-0.41586035498196816,-0.20793017749098408,-0.31189526623647623,0.266206812924441,1.0000000000869433,0.25951732609356926,0.0,0.0,1.6735993294422475e-17,0.7084961406291432,0.25951732609356926,1.0000000000539178,0.0,0.0,-6.049771111283786e-17,-0.41586035498196816,0.0,0.0,0.9999999999941057,0.0,0.0,-0.20793017749098408,0.0,0.0,0.0,0.9999999999941057,0.0,-0.31189526623647623,1.6735993294422475e-17,-6.049771111283786e-17,0.0,0.0,0.9999999999941057]},{"atoms":["H","B"],"basis":"sto-3g","numCols":6,"numRows":6,"positions":[0.0,0.0,0.0,1.0,0.5,0.75],"values":[1.0000000000699916,0.19268455688388975,0.7323674650422993,-0.41623389841338887,-0.20811694920669443,-0.3121754238100417,0.19268455688388975,1.0000000000686795,0.2693277644890726,0.0,0.0,-2.1614373297004338e-17,0.7323674650422993,0.2693277644890726,1.0000000000761362,0.0,0.0,8.326744951699475e-17,-0.41623389841338887,0.0,0.0,0.9999999999943953,0.0,0.0,-0.20811694920669443,0.0,0.0,0.0,0.9999999999943953,0.0,-0.3121754238100417,-2.1614373297004338e-17,8.326744951699475e-17,0.0,0.0,0.9999999999943953]},{"atoms":["H","C"],"basis":"sto-3g","numCols":6,"numRows":6,"positions":[0.0,0.0,0.0,1.0,0.5,0.75],"values":[1.0000000000699916,0.1468653263135177,0.7186590763966194,-0.399713451173028,-0.199856725586514,-0.2997850883797709,0.1468653263135177,1.000000000086775,0.24836239707502916,0.0,0.0,1.6898802315626496e-17,0.7186590763966194,0.24836239707502916,1.0000000000587068,0.0,0.0,4.456690159399847e-17,-0.399713451173028,0.0,0.0,1.000000000018046,0.0,0.0,-0.199856725586514,0.0,0.0,0.0,1.000000000018046,0.0,-0.2997850883797709,1.6898802315626496e-17,4.456690159399847e-17,0.0,0.0,1.000000000018046]},{"atoms":["H","N"],"basis":"sto-3g","numCols":6,"numRows":6,"positions":[0.0,0.0,0.0,1.0,0.5,0.75],"values":[1.0000000000699916,0.116099927073744,0.6913886552325273,-0.37545014961717676,-0.18772507480858838,-0.2815876122128826,0.116099927073744,1.0000000000523286,0.2350377623285701,0.0,0.0,2.6120341366617733e-17,0.6913886552325273,0.2350377623285701,1.0000000000454687,0.0,0.0,-1.459247356670912e-16,-0.37545014961717676,0.0,0.0,1.0000000000113674,0.0,0.0,-0.18772507480858838,0.0,0.0,0.0,1.0000000000113674,0.0,-0.2815876122128826,2.6120341366617733e-17,-1.459247356670912e-16,0.0,0.0,1.0000000000113674]},{"atoms":["H","O"],"basis":"sto-3g","numCols":6,"numRows":6,"positions":[0.0,0.0,0.0,1.0,0.5,0.75],"values":[1.0000000000699916,0.09481879282572485,0.64557581703557,-0.3391371052563249,-0.16956855262816245,-0.25435282894224365,0.09481879282572485,1.0000000000485125,0.23670392058231587,0.0,0.0,1.857552534669732e-17,0.64557581703557,0.23670392058231587,1.000000000032514,0.0,0.0,1.3627832848601292e-16,-0.3391371052563249,0.0,0.0,0.999999999980049,0.0,0.0,-0.16956855262816245,0.0,0.0,0.0,0.999999999980049,0.0,-0.25435282894224365,1.857552534669732e-17,1.3627832848601292e-16,0.0,0.0,0.999999999980049]},{"atoms":["H","F"],"basis":"sto-3g","numCols":6,"numRows":6,"positions":[0.0,0.0,0.0,1.0,0.5,0.75],"values":[1.0000000000699916,0.07928474975059291,0.5955602997912293,-0.30210098880858594,-0.15105049440429297,-0.22657574160643945,0.07928474975059291,1.0000000001052436,0.23798988355510248,0.0,0.0,6.632808685683959e-17,0.5955602997912293,0.23798988355510248,1.0000000000258042,0.0,0.0,1.2894108103328677e-17,-0.30210098880858594,0.0,0.0,0.9999999999919637,0.0,0.0,-0.15105049440429297,0.0,0.0,0.0,0.9999999999919637,0.0,-0.22657574160643945,6.632808685683959e-17,1.2894108103328677e-17,0.0,0.0,0.9999999999919637]},{"atoms":["H","Ne"],"basis":"sto-3g","numCols":6,"numRows":6,"positions":[0.0,0.0,0.0,1.0,0.5,0.75],"values":[1.0000000000699916,0.06755349396573729,0.5410365965335167,-0.26363973763782256,-0.13181986881891128,-0.19772980322836692,0.06755349396573729,0.9999999999833178,0.24278165635338345,0.0,0.0,9.71185697107932e-18,0.5410365965335167,0.24278165635338345,1.0000000000534757,0.0,0.0,9.755259833806769e-17,-0.26363973763782256,0.0,0.0,1.0000000000202,0.0,0.0,-0.13181986881891128,0.0,0.0,0.0,1.0000000000202,0.0,-0.19772980322836692,9.71185697107932e-18,9.755259833806769e-17,0.0,0.0,1.0000000000202]},{"atoms":["He","H"],"basis":"sto-3g","numCols":2,"numRows":2,"positions":[0.0,0.0,0.0,1.0,0.5,0.75],"values":[1.0000000001107725,0.5805292292411394,0.5805292292411394,1.0000000000699916]},{"atoms":["He","He"],"basis":"sto-3g","numCols":2,"numRows":2,"positions":[0.0,0.0,0.0,1.0,0.5,0.75],"values":[1.0000000001107725,0.5137480846586688,0.5137480846586688,1.0000000001107725]},{"atoms":["He","Li"],"basis":"sto-3g","numCols":6,"numRows":6,"positions":[0.0,0.0,0.0,1.0,0.5,0.75],"values":[1.0000000001107725,0.3512694171467776,0.4253254230653774,-0.32545520450631316,-0.16272760225315658,-0.24409140337973484,0.3512694171467776,1.0000000000865292,0.24113657387766618,0.0,0.0,-4.8103807909261204e-17,0.4253254230653774,0.24113657387766618,1.0000000000680496,0.0,0.0,3.509255639710337e-17,-0.32545520450631316,0.0,0.0,1.0000000000245315,0.0,0.0,-0.16272760225315658,0.0,0.0,0.0,1.0000000000245315,0.0,-0.24409140337973484,-4.8103807909261204e-17,3.509255639710337e-17,0.0,0.0,1.0000000000245315]},{"atoms":["He","Be"],"basis":"sto-3g","numCols":6,"numRows":6,"positions":[0.0,0.0,0.0,1.0,0.5,0.75],"values":[1.0000000001107725,0.24140374853939678,0.557969059660294,-0.4138022408448142,-0.2069011204224071,-0.3103516806336107,0.24140374853939678,1.0000000000869433,0.25951732609356926,0.0,0.0,1.6735993294422475e-17,0.557969059660294,0.25951732609356926,1.0000000000539178,0.0,0.0,-6.049771111283786e-17,-0.4138022408448142,0.0,0.0,0.9999999999941057,0.0,0.0,-0.2069011204224071,0.0,0.0,0.0,0.9999999999941057,0.0,-0.3103516806336107,1.6735993294422475e-17,-6.049771111283786e-17,0.0,0.0,0.9999999999941057]},{"atoms":["He","B"],"basis":"sto-3g","numCols":6,"numRows":6,"positions":[0.0,0.0,0.0,1.0,0.5,0.75],"values":[1.0000000001107725,0.17301234248405314,0.6088140742430679,-0.43888211500299146,-0.21944105750149573,-0.32916158625224357,0.17301234248405314,1.0000000000686795,0.2693277644890726,0.0,0.0,-2.1614373297004338e-17,0.6088140742430679,0.2693277644890726,1.0000000000761362,0.0,0.0,8.326744951699475e-17,-0.43888211500299146,0.0,0.0,0.9999999999943953,0.0,0.0,-0.21944105750149573,0.0,0.0,0.0,0.9999999999943953,0.0,-0.32916158625224357,-2.1614373297004338e-17,8.326744951699475e-17,0.0,0.0,0.9999999999943953]},{"atoms":["He","C"],"basis":"sto-3g","numCols":6,"numRows":6,"positions":[0.0,0.0,0.0,1.0,0.5,0.75],"values":[1.0000000001107725,0.13063129814103733,0.6122884040514954,-0.4332869030991368,-0.2166434515495684,-0.32496517732435265,0.13063129814103733,1.000000000086775,0.24836239707502916,0.0,0.0,1.6898802315626496e-17,0.6122884040514954,0.24836239707502916,1.0000000000587068,0.0,0.0,4.456690159399847e-17,-0.4332869030991368,0.0,0.0,1.000000000018046,0.0,0.0,-0.2166434515495684,0.0,0.0,0.0,1.000000000018046,0.0,-0.32496517732435265,1.6898802315626496e-17,4.456690159399847e-17,0.0,0.0,1.000000000018046]},{"atoms":["He","N"],"basis":"sto-3g","numCols":6,"numRows":6,"positions":[0.0,0.0,0.0,1.0,0.5,0.75],"values":[1.0000000001107725,0.1025108486047294,0.6009634179513234,-0.41661205325190587,-0.20830602662595293,-0.3124590399389294,0.1025108486047294,1.0000000000523286,0.2350377623285701,0.0,0.0,2.6120341366617733e-17,0.6009634179513234,0.2350377623285701,1.0000000000454687,0.0,0.0,-1.459247356670912e-16,-0.41661205325190587,0.0,0.0,1.0000000000113674,0.0,0.0,-0.20830602662595293,0.0,0.0,0.0,1.0000000000113674,0.0,-0.3124590399389294,2.6120341366617733e-17,-1.459247356670912e-16,0.0,0.0,1.0000000000113674]},{"atoms":["He","O"],"basis":"sto-3g","numCols":6,"numRows":6,"positions":[0.0,0.0,0.0,1.0,0.5,0.75],"values":[1.0000000001107725,0.08327183351225573,0.572122609418653,-0.38544882107852274,-0.19272441053926137,-0.28908661580889206,0.08327183351225573,1.0000000000485125,0.23670392058231587,0.0,0.0,1.857552534669732e-17,0.572122609418653,0.23670392058231587,1.000000000032514,0.0,0.0,1.3627832848601292e-16,-0.38544882107852274,0.0,0.0,0.999999999980049,0.0,0.0,-0.19272441053926137,0.0,0.0,0.0,0.999999999980049,0.0,-0.28908661580889206,1.857552534669732e-17,1.3627832848601292e-16,0.0,0.0,0.999999999980049]},{"atoms":["He","F"],"basis":"sto-3g","numCols":6,"numRows":6,"positions":[0.0,0.0,0.0,1.0,0.5,0.75],"values":[1.0000000001107725,0.06934949592212164,0.5349941035414806,-0.3497881142573064,-0.1748940571286532,-0.26234108569297976,0.06934949592212164,1.0000000001052436,0.23798988355510248,0.0,0.0,6.632808685683959e-17,0.5349941035414806,0.23798988355510248,1.0000000000258042,0.0,0.0,1.2894108103328677e-17,-0.3497881142573064,0.0,0.0,0.9999999999919637,0.0,0.0,-0.1748940571286532,0.0,0.0,0.0,0.9999999999919637,0.0,-0.26234108569297976,6.632808685683959e-17,1.2894108103328677e-17,0.0,0.0,0.9999999999919637]},{"atoms":["He","Ne"],"basis":"sto-3g","numCols":6,"numRows":6,"positions":[0.0,0.0,0.0,1.0,0.5,0.75],"values":[1.0000000001107725,0.05890585919194617,0.4908023505463066,-0.31016162520006657,-0.15508081260003329,-0.23262121890004986,0.05890585919194617,0.9999999999833178,0.24278165635338345,0.0,0.0,9.71185697107932e-18,0.4908023505463066,0.24278165635338345,1.0000000000534757,0.0,0.0,9.755259833806769e-17,-0.31016162520006657,0.0,0.0,1.0000000000202,0.0,0.0,-0.15508081260003329,0.0,0.0,0.0,1.0000000000202,0.0,-0.23262121890004986,9.71185697107932e-18,9.755259833806769e-17,0.0,0.0,1.0000000000202]},{"atoms":["Li","H"],"basis":"sto-3g","numCols":6,"numRows":6,"positions":[0.0,0.0,0.0,1.0,0.5,0.75],"values":[1.0000000000865292,0.24113657387766618,0.0,0.0,0.0,0.38661974257484993,0.24113657387766618,1.0000000000680496,0.0,0.0,0.0,0.5856179192385217,0.0,0.0,1.0000000000245315,0.0,0.0,0.35506336535009597,0.0,0.0,0.0,1.0000000000245315,0.0,0.17753168267504799,0.0,0.0,0.0,0.0,1.0000000000245315,0.26629752401257195,0.38661974257484993,0.5856179192385217,0.35506336535009597,0.17753168267504799,0.26629752401257195,1.0000000000699916]},{"atoms":["Li","He"],"basis":"sto-3g","numCols":6,"numRows":6,"positions":[0.0,0.0,0.0,1.0,0.5,0.75],"values":[1.0000000000865292,0.24113657387766618,0.0,0.0,0.0,0.3512694171467776,0.24113657387766618,1.0000000000680496,0.0,0.0,0.0,0.42532542306537735,0.0,0.0,1.0000000000245315,0.0,0.0,0.32545520450631316,0.0,0.0,0.0,1.0000000000245315,0.0,0.16272760225315658,0.0,0.0,0.0,0.0,1.0000000000245315,0.24409140337973484,0.3512694171467776,0.42532542306537735,0.32545520450631316,0.16272760225315658,0.24409140337973484,1.0000000001107725]},{"atoms":["Li","Li"],"basis":"sto-3g","numCols":10,"numRows":10,"positions":[0.0,0.0,0.0,1.0,0.5,0.75],"values":[1.0000000000865292,0.24113657387766618,0.0,0.0,0.0,0.2404891821924475,0.2374424408199816,-0.23847483554101026,-0.11923741777050513,-0.17885612665575767,0.24113657387766618,1.0000000000680496,0.0,0.0,0.0,0.23744244081998156,0.9410540688450155,-0.21911755828152024,-0.10955877914076012,-0.16433816871114015,0.0,0.0,1.0000000000245315,0.0,0.0,0.23847483554101026,0.21911755828152027,0.7863712060498609,-0.05372483788302626,-0.08058725682453939,0.0,0.0,0.0,1.0000000000245315,0.0,0.11923741777050513,0.10955877914076013,-0.05372483788302626,0.8669584628744004,-0.040293628412269696,0.0,0.0,0.0,0.0,1.0000000000245315,0.17885612665575767,0.1643381687111402,-0.08058725682453939,-0.040293628412269696,0.8333804391975089,0.2404891821924475,0.23744244081998156,0.23847483554101026,0.11923741777050513,0.17885612665575767,1.0000000000865292,0.24113657387766618,0.0,0.0,-4.8103807909261204e-17,0.2374424408199816,0.9410540688450155,0.21911755828152027,0.10955877914076013,0.1643381687111402,0.24113657387766618,1.0000000000680496,0.0,0.0,3.509255639710337e-17,-0.23847483554101026,-0.21911755828152024,0.7863712060498609,-0.05372483788302626,-0.08058725682453939,0.0,0.0,1.0000000000245315,0.0,0.0,-0.11923741777050513,-0.10955877914076012,-0.05372483788302626,0.8669584628744004,-0.040293628412269696,0.0,0.0,0.0,1.0000000000245315,0.0,-0.17885612665575767,-0.16433816871114015,-0.08058725682453939,-0.040293628412269696,0.8333804391975089,-4.8103807909261204e-17,3.509255639710337e-17,0.0,0.0,1.0000000000245315]},{"atoms":["Li","Be"],"basis":"sto-3g","numCols":10,"numRows":10,"positions":[0.0,0.0,0.0,1.0,0.5,0.75],"values":[1.0000000000865292,0.24113657387766618,0.0,0.0,0.0,0.15911043356579696,0.34134923161512215,-0.3333768928553573,-0.16668844642767866,-0.250032669641518,0.24113657387766618,1.0000000000680496,0.0,0.0,0.0,0.15398999886618361,0.8479892831290021,-0.16343695129515917,-0.08171847564757959,-0.12257771347136937,0.0,0.0,1.0000000000245315,0.0,0.0,0.17466835150597249,0.31628754261720593,0.6538545304647183,-0.06605052484901176,-0.09907578727351765,0.0,0.0,0.0,1.0000000000245315,0.0,0.08733417575298624,0.15814377130860297,-0.06605052484901176,0.7529303177382359,-0.049537893636758826,0.0,0.0,0.0,0.0,1.0000000000245315,0.13100126362947934,0.23721565696290445,-0.09907578727351764,-0.04953789363675882,0.7116487397076036,0.15911043356579696,0.15398999886618361,0.17466835150597249,0.08733417575298624,0.13100126362947934,1.0000000000869433,0.25951732609356926,0.0,0.0,1.6735993294422475e-17,0.34134923161512215,0.8479892831290021,0.31628754261720593,0.15814377130860297,0.23721565696290445,0.25951732609356926,1.0000000000539178,0.0,0.0,-6.049771111283786e-17,-0.3333768928553573,-0.16343695129515917,0.6538545304647183,-0.06605052484901176,-0.09907578727351764,0.0,0.0,0.9999999999941057,0.0,0.0,-0.16668844642767866,-0.08171847564757959,-0.06605052484901176,0.7529303177382359,-0.04953789363675882,0.0,0.0,0.0,0.9999999999941057,0.0,-0.250032669641518,-0.12257771347136937,-0.09907578727351765,-0.049537893636758826,0.7116487397076036,1.6735993294422475e-17,-6.049771111283786e-17,0.0,0.0,0.9999999999941057]},{"atoms":["Li","B"],"basis":"sto-3g","numCols":10,"numRows":10,"positions":[0.0,0.0,0.0,1.0,0.5,0.75],"values":[1.0000000000865292,0.24113657387766618,0.0,0.0,0.0,0.1084376155603724,0.39558658005114156,-0.37983931894838613,-0.18991965947419306,-0.28487948921128964,0.24113657387766618,1.0000000000680496,0.0,0.0,0.0,0.1092299577718327,0.712391722048676,-0.11240939417682554,-0.05620469708841277,-0.08430704563261915,0.0,0.0,1.0000000000245315,0.0,0.0,0.13187704675168152,0.35817992558143497,0.5035621479742463,-0.06811790760313648,-0.10217686140470471,0.0,0.0,0.0,1.0000000000245315,0.0,0.06593852337584076,0.17908996279071748,-0.06811790760313648,0.6057390093789509,-0.051088430702352354,0.0,0.0,0.0,0.0,1.0000000000245315,0.09890778506376115,0.26863494418607636,-0.10217686140470471,-0.051088430702352354,0.5631653171269906,0.1084376155603724,0.1092299577718327,0.13187704675168152,0.06593852337584076,0.09890778506376115,1.0000000000686795,0.2693277644890726,0.0,0.0,-2.1614373297004338e-17,0.39558658005114156,0.712391722048676,0.35817992558143497,0.17908996279071748,0.26863494418607636,0.2693277644890726,1.0000000000761362,0.0,0.0,8.326744951699475e-17,-0.37983931894838613,-0.11240939417682554,0.5035621479742463,-0.06811790760313648,-0.10217686140470471,0.0,0.0,0.9999999999943953,0.0,0.0,-0.18991965947419306,-0.05620469708841277,-0.06811790760313648,0.6057390093789509,-0.051088430702352354,0.0,0.0,0.0,0.9999999999943953,0.0,-0.28487948921128964,-0.08430704563261915,-0.10217686140470471,-0.051088430702352354,0.5631653171269906,-2.1614373297004338e-17,8.326744951699475e-17,0.0,0.0,0.9999999999943953]},{"atoms":["Li","C"],"basis":"sto-3g","numCols":10,"numRows":10,"positions":[0.0,0.0,0.0,1.0,0.5,0.75],"values":[1.0000000000865292,0.24113657387766618,0.0,0.0,0.0,0.07843593446660369,0.4084783838300197,-0.3881656898409521,-0.19408284492047606,-0.29112426738071406,0.24113657387766618,1.0000000000680496,0.0,0.0,0.0,0.08267535338927104,0.6329476739718318,-0.08768103177828054,-0.04384051588914027,-0.06576077383371037,0.0,0.0,1.0000000000245315,0.0,0.0,0.10333608239928922,0.36563628475095894,0.4222565410860502,-0.06647445348626757,-0.0997116802294013,0.0,0.0,0.0,1.0000000000245315,0.0,0.05166804119964461,0.18281814237547947,-0.06647445348626757,0.5219682213154516,-0.04985584011470065,0.0,0.0,0.0,0.0,1.0000000000245315,0.07750206179946693,0.27422721356321916,-0.09971168022940136,-0.04985584011470068,0.48042168788653433,0.07843593446660369,0.08267535338927104,0.10333608239928922,0.05166804119964461,0.07750206179946693,1.000000000086775,0.24836239707502916,0.0,0.0,1.6898802315626496e-17,0.4084783838300197,0.6329476739718318,0.36563628475095894,0.18281814237547947,0.27422721356321916,0.24836239707502916,1.0000000000587068,0.0,0.0,4.456690159399847e-17,-0.3881656898409521,-0.08768103177828054,0.4222565410860502,-0.06647445348626757,-0.09971168022940136,0.0,0.0,1.000000000018046,0.0,0.0,-0.19408284492047606,-0.04384051588914027,-0.06647445348626757,0.5219682213154516,-0.04985584011470068,0.0,0.0,0.0,1.000000000018046,0.0,-0.29112426738071406,-0.06576077383371037,-0.0997116802294013,-0.04985584011470065,0.48042168788653433,1.6898802315626496e-17,4.456690159399847e-17,0.0,0.0,1.000000000018046]},{"atoms":["Li","N"],"basis":"sto-3g","numCols":10,"numRows":10,"positions":[0.0,0.0,0.0,1.0,0.5,0.75],"values":[1.0000000000865292,0.24113657387766618,0.0,0.0,0.0,0.0596153143006033,0.4092831653948054,-0.384000842054218,-0.192000421027109,-0.28800063154066347,0.24113657387766618,1.0000000000680496,0.0,0.0,0.0,0.06517031123871359,0.5595282880672052,-0.06742950095578581,-0.03371475047789291,-0.05057212571683939,0.0,0.0,1.0000000000245315,0.0,0.0,0.08321186412819599,0.3636613131406435,0.3506747636300882,-0.06342826043579707,-0.09514239065369562,0.0,0.0,0.0,1.0000000000245315,0.0,0.041605932064097996,0.18183065657032174,-0.06342826043579707,0.4458171542837838,-0.04757119532684781,0.0,0.0,0.0,0.0,1.0000000000245315,0.06240889809614698,0.27274598485548257,-0.09514239065369559,-0.047571195326847796,0.40617449151141066,0.0596153143006033,0.06517031123871359,0.08321186412819599,0.041605932064097996,0.06240889809614698,1.0000000000523286,0.2350377623285701,0.0,0.0,2.6120341366617733e-17,0.4092831653948054,0.5595282880672052,0.3636613131406435,0.18183065657032174,0.27274598485548257,0.2350377623285701,1.0000000000454687,0.0,0.0,-1.459247356670912e-16,-0.384000842054218,-0.06742950095578581,0.3506747636300882,-0.06342826043579707,-0.09514239065369559,0.0,0.0,1.0000000000113674,0.0,0.0,-0.192000421027109,-0.03371475047789291,-0.06342826043579707,0.4458171542837838,-0.047571195326847796,0.0,0.0,0.0,1.0000000000113674,0.0,-0.28800063154066347,-0.05057212571683939,-0.09514239065369562,-0.04757119532684781,0.40617449151141066,2.6120341366617733e-17,-1.459247356670912e-16,0.0,0.0,1.0000000000113674]},{"atoms":["Li","O"],"basis":"sto-3g","numCols":10,"numRows":10,"positions":[0.0,0.0,0.0,1.0,0.5,0.75],"values":[1.0000000000865292,0.24113657387766618,0.0,0.0,0.0,0.04735499969256536,0.39695559464502683,-0.3651730705871717,-0.18258653529358584,-0.2738798029403787,0.24113657387766618,1.0000000000680496,0.0,0.0,0.0,0.05315043098250807,0.47888009321008157,-0.047930325601247235,-0.023965162800623618,-0.035947744200935404,0.0,0.0,1.0000000000245315,0.0,0.0,0.06880165830372244,0.351915133885228,0.276081634028029,-0.05844554515523216,-0.08766831773284824,0.0,0.0,0.0,1.0000000000245315,0.0,0.03440082915186122,0.175957566942614,-0.05844554515523216,0.3637499517608771,-0.04383415886642412,0.0,0.0,0.0,0.0,1.0000000000245315,0.05160124372779184,0.26393635041392094,-0.08766831773284824,-0.04383415886642412,0.327221486038857,0.04735499969256536,0.05315043098250807,0.06880165830372244,0.03440082915186122,0.05160124372779184,1.0000000000485125,0.23670392058231587,0.0,0.0,1.857552534669732e-17,0.39695559464502683,0.47888009321008157,0.351915133885228,0.175957566942614,0.26393635041392094,0.23670392058231587,1.000000000032514,0.0,0.0,1.3627832848601292e-16,-0.3651730705871717,-0.047930325601247235,0.276081634028029,-0.05844554515523216,-0.08766831773284824,0.0,0.0,0.999999999980049,0.0,0.0,-0.18258653529358584,-0.023965162800623618,-0.05844554515523216,0.3637499517608771,-0.04383415886642412,0.0,0.0,0.0,0.999999999980049,0.0,-0.2738798029403787,-0.035947744200935404,-0.08766831773284824,-0.04383415886642412,0.327221486038857,1.857552534669732e-17,1.3627832848601292e-16,0.0,0.0,0.999999999980049]},{"atoms":["Li","F"],"basis":"sto-3g","numCols":10,"numRows":10,"positions":[0.0,0.0,0.0,1.0,0.5,0.75],"values":[1.0000000000865292,0.24113657387766618,0.0,0.0,0.0,0.038815195215382965,0.3753438173213176,-0.3378083759075192,-0.1689041879537596,-0.2533562819306394,0.24113657387766618,1.0000000000680496,0.0,0.0,0.0,0.044405693996865725,0.41331989296903676,-0.03426036020186006,-0.01713018010093003,-0.02569527015139503,0.0,0.0,1.0000000000245315,0.0,0.0,0.058024838257462054,0.3346086202813471,0.21892005848431537,-0.05311121600235475,-0.07966682400353209,0.0,0.0,0.0,1.0000000000245315,0.0,0.029012419128731027,0.16730431014067354,-0.05311121600235474,0.29858688248784754,-0.039833412001766044,0.0,0.0,0.0,0.0,1.0000000000245315,0.04351862869309654,0.25095646521101034,-0.07966682400353212,-0.03983341200176606,0.26539237248637576,0.038815195215382965,0.044405693996865725,0.058024838257462054,0.029012419128731027,0.04351862869309654,1.0000000001052436,0.23798988355510248,0.0,0.0,6.632808685683959e-17,0.3753438173213176,0.41331989296903676,0.3346086202813471,0.16730431014067354,0.25095646521101034,0.23798988355510248,1.0000000000258042,0.0,0.0,1.2894108103328677e-17,-0.3378083759075192,-0.03426036020186006,0.21892005848431537,-0.05311121600235474,-0.07966682400353212,0.0,0.0,0.9999999999919637,0.0,0.0,-0.1689041879537596,-0.01713018010093003,-0.05311121600235475,0.29858688248784754,-0.03983341200176606,0.0,0.0,0.0,0.9999999999919637,0.0,-0.2533562819306394,-0.02569527015139503,-0.07966682400353209,-0.039833412001766044,0.26539237248637576,6.632808685683959e-17,1.2894108103328677e-17,0.0,0.0,0.9999999999919637]},{"atoms":["Li","Ne"],"basis":"sto-3g","numCols":10,"numRows":10,"positions":[0.0,0.0,0.0,1.0,0.5,0.75],"values":[1.0000000000865292,0.24113657387766618,0.0,0.0,0.0,0.032592982083216995,0.34616208267543397,-0.3038512963980394,-0.1519256481990197,-0.22788847229852954,0.24113657387766618,1.0000000000680496,0.0,0.0,0.0,0.0378135319583844,0.35529937357985764,-0.023911603244577927,-0.011955801622288964,-0.017933702433433417,0.0,0.0,1.0000000000245315,0.0,0.0,0.04974368202602288,0.31291802531934104,0.17140216542297543,-0.04738348534781611,-0.07107522802172413,0.0,0.0,0.0,1.0000000000245315,0.0,0.02487184101301144,0.15645901265967052,-0.04738348534781611,0.24247739344469954,-0.03553761401086206,0.0,0.0,0.0,0.0,1.0000000000245315,0.03730776151951716,0.23468851898950577,-0.07107522802172417,-0.035537614010862084,0.21286271510231453,0.032592982083216995,0.0378135319583844,0.04974368202602288,0.02487184101301144,0.03730776151951716,0.9999999999833178,0.24278165635338345,0.0,0.0,9.71185697107932e-18,0.34616208267543397,0.35529937357985764,0.31291802531934104,0.15645901265967052,0.23468851898950577,0.24278165635338345,1.0000000000534757,0.0,0.0,9.755259833806769e-17,-0.3038512963980394,-0.023911603244577927,0.17140216542297543,-0.04738348534781611,-0.07107522802172417,0.0,0.0,1.0000000000202,0.0,0.0,-0.1519256481990197,-0.011955801622288964,-0.04738348534781611,0.24247739344469954,-0.035537614010862084,0.0,0.0,0.0,1.0000000000202,0.0,-0.22788847229852954,-0.017933702433433417,-0.07107522802172413,-0.03553761401086206,0.21286271510231453,9.71185697107932e-18,9.755259833806769e-17,0.0,0.0,1.0000000000202]},{"atoms":["Be","H"],"basis":"sto-3g","numCols":6,"numRows":6,"positions":[0.0,0.0,0.0,1.0,0.5,0.75],"values":[1.0000000000869433,0.25951732609356926,0.0,0.0,0.0,0.266206812924441,0.25951732609356926,1.0000000000539178,0.0,0.0,0.0,0.7084961406291432,0.0,0.0,0.9999999999941057,0.0,0.0,0.41586035498196827,0.0,0.0,0.0,0.9999999999941057,0.0,0.20793017749098414,0.0,0.0,0.0,0.0,0.9999999999941057,0.3118952662364762,0.266206812924441,0.7084961406291432,0.41586035498196827,0.20793017749098414,0.3118952662364762,1.0000000000699916]},{"atoms":["Be","He"],"basis":"sto-3g","numCols":6,"numRows":6,"positions":[0.0,0.0,0.0,1.0,0.5,0.75],"values":[1.0000000000869433,0.25951732609356926,0.0,0.0,0.0,0.24140374853939678,0.25951732609356926,1.0000000000539178,0.0,0.0,0.0,0.557969059660294,0.0,0.0,0.9999999999941057,0.0,0.0,0.41380224084481426,0.0,0.0,0.0,0.9999999999941057,0.0,0.20690112042240713,0.0,0.0,0.0,0.0,0.9999999999941057,0.3103516806336107,0.24140374853939678,0.557969059660294,0.41380224084481426,0.20690112042240713,0.3103516806336107,1.0000000001107725]},{"atoms":["Be","Li"],"basis":"sto-3g","numCols":10,"numRows":10,"positions":[0.0,0.0,0.0,1.0,0.5,0.75],"values":[1.0000000000869433,0.25951732609356926,0.0,0.0,0.0,0.15911043356579696,0.15398999886618361,-0.17466835150597249,-0.08733417575298624,-0.13100126362947936,0.25951732609356926,1.0000000000539178,0.0,0.0,0.0,0.3413492316151221,0.8479892831290021,-0.31628754261720593,-0.15814377130860297,-0.2372156569629044,0.0,0.0,0.9999999999941057,0.0,0.0,0.3333768928553573,0.1634369512951592,0.6538545304647184,-0.06605052484901176,-0.09907578727351765,0.0,0.0,0.0,0.9999999999941057,0.0,0.16668844642767866,0.0817184756475796,-0.06605052484901176,0.7529303177382359,-0.049537893636758826,0.0,0.0,0.0,0.0,0.9999999999941057,0.25003266964151794,0.12257771347136942,-0.09907578727351765,-0.049537893636758826,0.7116487397076036,0.15911043356579696,0.3413492316151221,0.3333768928553573,0.16668844642767866,0.25003266964151794,1.0000000000865292,0.24113657387766618,0.0,0.0,-4.8103807909261204e-17,0.15398999886618361,0.8479892831290021,0.1634369512951592,0.0817184756475796,0.12257771347136942,0.24113657387766618,1.0000000000680496,0.0,0.0,3.509255639710337e-17,-0.17466835150597249,-0.31628754261720593,0.6538545304647184,-0.06605052484901176,-0.09907578727351765,0.0,0.0,1.0000000000245315,0.0,0.0,-0.08733417575298624,-0.15814377130860297,-0.06605052484901176,0.7529303177382359,-0.049537893636758826,0.0,0.0,0.0,1.0000000000245315,0.0,-0.13100126362947936,-0.2372156569629044,-0.09907578727351765,-0.049537893636758826,0.7116487397076036,-4.8103807909261204e-17,3.509255639710337e-17,0.0,0.0,1.0000000000245315]},{"atoms":["Be","Be"],"basis":"sto-3g","numCols":10,"numRows":10,"positions":[0.0,0.0,0.0,1.0,0.5,0.75],"values":[1.0000000000869433,0.25951732609356926,0.0,0.0,0.0,0.09853438874476396,0.23057589044922955,-0.25386749804952163,-0.12693374902476082,-0.19040062353714124,0.25951732609356926,1.0000000000539178,0.0,0.0,0.0,0.23057589044922952,0.8833589337283642,-0.29391200487104513,-0.14695600243552256,-0.22043400365328386,0.0,0.0,0.9999999999941057,0.0,0.0,0.25386749804952163,0.29391200487104513,0.610198406318645,-0.09403868786609679,-0.14105803179914517,0.0,0.0,0.0,0.9999999999941057,0.0,0.12693374902476082,0.14695600243552256,-0.09403868786609679,0.7512564381177902,-0.07052901589957258,0.0,0.0,0.0,0.0,0.9999999999941057,0.19040062353714124,0.22043400365328383,-0.14105803179914517,-0.07052901589957258,0.6924822582014796,0.09853438874476396,0.23057589044922952,0.25386749804952163,0.12693374902476082,0.19040062353714124,1.0000000000869433,0.25951732609356926,0.0,0.0,1.6735993294422475e-17,0.23057589044922955,0.8833589337283642,0.29391200487104513,0.14695600243552256,0.22043400365328383,0.25951732609356926,1.0000000000539178,0.0,0.0,-6.049771111283786e-17,-0.25386749804952163,-0.29391200487104513,0.610198406318645,-0.09403868786609679,-0.14105803179914517,0.0,0.0,0.9999999999941057,0.0,0.0,-0.12693374902476082,-0.14695600243552256,-0.09403868786609679,0.7512564381177902,-0.07052901589957258,0.0,0.0,0.0,0.9999999999941057,0.0,-0.19040062353714124,-0.22043400365328386,-0.14105803179914517,-0.07052901589957258,0.6924822582014796,1.6735993294422475e-17,-6.049771111283786e-17,0.0,0.0,0.9999999999941057]},{"atoms":["Be","B"],"basis":"sto-3g","numCols":10,"numRows":10,"positions":[0.0,0.0,0.0,1.0,0.5,0.75],"values":[1.0000000000869433,0.25951732609356926,0.0,0.0,0.0,0.061849293988797543,0.27376805996650294,-0.2989190798443237,-0.14945953992216185,-0.22418930988324282,0.25951732609356926,1.0000000000539178,0.0,0.0,0.0,0.16721207806956917,0.8183594620858443,-0.24277425952457238,-0.12138712976228619,-0.18208069464342927,0.0,0.0,0.9999999999941057,0.0,0.0,0.19495198224030594,0.3789783247350644,0.5031642837852377,-0.10686550408665453,-0.16029825612998183,0.0,0.0,0.0,0.9999999999941057,0.0,0.09747599112015297,0.1894891623675322,-0.10686550408665453,0.6634625399152196,-0.08014912806499092,0.0,0.0,0.0,0.0,0.9999999999941057,0.14621398668022947,0.28423374355129827,-0.1602982561299818,-0.0801491280649909,0.5966715998610606,0.061849293988797543,0.16721207806956917,0.19495198224030594,0.09747599112015297,0.14621398668022947,1.0000000000686795,0.2693277644890726,0.0,0.0,-2.1614373297004338e-17,0.27376805996650294,0.8183594620858443,0.3789783247350644,0.1894891623675322,0.28423374355129827,0.2693277644890726,1.0000000000761362,0.0,0.0,8.326744951699475e-17,-0.2989190798443237,-0.24277425952457238,0.5031642837852377,-0.10686550408665453,-0.1602982561299818,0.0,0.0,0.9999999999943953,0.0,0.0,-0.14945953992216185,-0.12138712976228619,-0.10686550408665453,0.6634625399152196,-0.0801491280649909,0.0,0.0,0.0,0.9999999999943953,0.0,-0.22418930988324282,-0.18208069464342927,-0.16029825612998183,-0.08014912806499092,0.5966715998610606,-2.1614373297004338e-17,8.326744951699475e-17,0.0,0.0,0.9999999999943953]},{"atoms":["Be","C"],"basis":"sto-3g","numCols":10,"numRows":10,"positions":[0.0,0.0,0.0,1.0,0.5,0.75],"values":[1.0000000000869433,0.25951732609356926,0.0,0.0,0.0,0.04162509347184899,0.28512670127993717,-0.31060468613670467,-0.15530234306835233,-0.23295351460252847,0.25951732609356926,1.0000000000539178,0.0,0.0,0.0,0.12822930007366742,0.76125406970051,-0.21025816424217975,-0.10512908212108987,-0.1576936231816348,0.0,0.0,0.9999999999941057,0.0,0.0,0.15390579753186376,0.41029970957281725,0.43359142681310126,-0.1091655719246436,-0.1637483578869654,0.0,0.0,0.0,0.9999999999941057,0.0,0.07695289876593188,0.20514985478640863,-0.1091655719246436,0.5973397847000667,-0.0818741789434827,0.0,0.0,0.0,0.0,0.9999999999941057,0.11542934814889781,0.3077247821796129,-0.16374835788696537,-0.08187417894348269,0.5291113022471643,0.04162509347184899,0.12822930007366742,0.15390579753186376,0.07695289876593188,0.11542934814889781,1.000000000086775,0.24836239707502916,0.0,0.0,1.6898802315626496e-17,0.28512670127993717,0.76125406970051,0.41029970957281725,0.20514985478640863,0.3077247821796129,0.24836239707502916,1.0000000000587068,0.0,0.0,4.456690159399847e-17,-0.31060468613670467,-0.21025816424217975,0.43359142681310126,-0.1091655719246436,-0.16374835788696537,0.0,0.0,1.000000000018046,0.0,0.0,-0.15530234306835233,-0.10512908212108987,-0.1091655719246436,0.5973397847000667,-0.08187417894348269,0.0,0.0,0.0,1.000000000018046,0.0,-0.23295351460252847,-0.1576936231816348,-0.1637483578869654,-0.0818741789434827,0.5291113022471643,1.6898802315626496e-17,4.456690159399847e-17,0.0,0.0,1.000000000018046]},{"atoms":["Be","N"],"basis":"sto-3g","numCols":10,"numRows":10,"positions":[0.0,0.0,0.0,1.0,0.5,0.75],"values":[1.0000000000869433,0.25951732609356926,0.0,0.0,0.0,0.029984618967430657,0.2871389088433982,-0.31136924650563697,-0.15568462325281848,-0.23352693487922768,0.25951732609356926,1.0000000000539178,0.0,0.0,0.0,0.10193876274004027,0.699600839109677,-0.17949955051158023,-0.08974977525579012,-0.13462466288368521,0.0,0.0,0.9999999999941057,0.0,0.0,0.12436597020757083,0.4286987630902672,0.36696435523038107,-0.10834899385564861,-0.1625234907834729,0.0,0.0,0.0,0.9999999999941057,0.0,0.062182985103785414,0.2143493815451336,-0.10834899385564861,0.529487846013854,-0.08126174539173645,0.0,0.0,0.0,0.0,0.9999999999941057,0.09327447765567812,0.3215240723177004,-0.1625234907834729,-0.08126174539173645,0.46176972485407364,0.029984618967430657,0.10193876274004027,0.12436597020757083,0.062182985103785414,0.09327447765567812,1.0000000000523286,0.2350377623285701,0.0,0.0,2.6120341366617733e-17,0.2871389088433982,0.699600839109677,0.4286987630902672,0.2143493815451336,0.3215240723177004,0.2350377623285701,1.0000000000454687,0.0,0.0,-1.459247356670912e-16,-0.31136924650563697,-0.17949955051158023,0.36696435523038107,-0.10834899385564861,-0.1625234907834729,0.0,0.0,1.0000000000113674,0.0,0.0,-0.15568462325281848,-0.08974977525579012,-0.10834899385564861,0.529487846013854,-0.08126174539173645,0.0,0.0,0.0,1.0000000000113674,0.0,-0.23352693487922768,-0.13462466288368521,-0.1625234907834729,-0.08126174539173645,0.46176972485407364,2.6120341366617733e-17,-1.459247356670912e-16,0.0,0.0,1.0000000000113674]},{"atoms":["Be","O"],"basis":"sto-3g","numCols":10,"numRows":10,"positions":[0.0,0.0,0.0,1.0,0.5,0.75],"values":[1.0000000000869433,0.25951732609356926,0.0,0.0,0.0,0.022959813265424234,0.27906982310563994,-0.2994664251599516,-0.1497332125799758,-0.22459981886996366,0.25951732609356926,1.0000000000539178,0.0,0.0,0.0,0.08360845520561683,0.6232430100385835,-0.145504816309118,-0.072752408154559,-0.10912861223183853,0.0,0.0,0.9999999999941057,0.0,0.0,0.10299776990473083,0.43633322019868187,0.29271953678161766,-0.10404560088740708,-0.15606840133111063,0.0,0.0,0.0,0.9999999999941057,0.0,0.05149888495236542,0.21816661009934094,-0.10404560088740708,0.4487879381127282,-0.07803420066555532,0.0,0.0,0.0,0.0,0.9999999999941057,0.07724832742854815,0.3272499151490114,-0.15606840133111063,-0.07803420066555532,0.3837594375580988,0.022959813265424234,0.08360845520561683,0.10299776990473083,0.05149888495236542,0.07724832742854815,1.0000000000485125,0.23670392058231587,0.0,0.0,1.857552534669732e-17,0.27906982310563994,0.6232430100385835,0.43633322019868187,0.21816661009934094,0.3272499151490114,0.23670392058231587,1.000000000032514,0.0,0.0,1.3627832848601292e-16,-0.2994664251599516,-0.145504816309118,0.29271953678161766,-0.10404560088740708,-0.15606840133111063,0.0,0.0,0.999999999980049,0.0,0.0,-0.1497332125799758,-0.072752408154559,-0.10404560088740708,0.4487879381127282,-0.07803420066555532,0.0,0.0,0.0,0.999999999980049,0.0,-0.22459981886996366,-0.10912861223183853,-0.15606840133111063,-0.07803420066555532,0.3837594375580988,1.857552534669732e-17,1.3627832848601292e-16,0.0,0.0,0.999999999980049]},{"atoms":["Be","F"],"basis":"sto-3g","numCols":10,"numRows":10,"positions":[0.0,0.0,0.0,1.0,0.5,0.75],"values":[1.0000000000869433,0.25951732609356926,0.0,0.0,0.0,0.018346387887146483,0.2633465795287873,-0.2787123940515551,-0.13935619702577756,-0.20903429553866634,0.25951732609356926,1.0000000000539178,0.0,0.0,0.0,0.07013071252802545,0.5549501736512215,-0.1181532343878968,-0.0590766171939484,-0.08861492579092256,0.0,0.0,0.9999999999941057,0.0,0.0,0.08693376476092778,0.43131664606280484,0.2327990129381641,-0.09765134038063032,-0.14647701057094545,0.0,0.0,0.0,0.9999999999941057,0.0,0.04346688238046389,0.21565832303140242,-0.09765134038063034,0.37927602350910966,-0.07323850528547272,0.0,0.0,0.0,0.0,0.9999999999941057,0.06520032357069583,0.32348748454710363,-0.1464770105709455,-0.07323850528547275,0.31824393577121574,0.018346387887146483,0.07013071252802545,0.08693376476092778,0.04346688238046389,0.06520032357069583,1.0000000001052436,0.23798988355510248,0.0,0.0,6.632808685683959e-17,0.2633465795287873,0.5549501736512215,0.43131664606280484,0.21565832303140242,0.32348748454710363,0.23798988355510248,1.0000000000258042,0.0,0.0,1.2894108103328677e-17,-0.2787123940515551,-0.1181532343878968,0.2327990129381641,-0.09765134038063034,-0.1464770105709455,0.0,0.0,0.9999999999919637,0.0,0.0,-0.13935619702577756,-0.0590766171939484,-0.09765134038063032,0.37927602350910966,-0.07323850528547275,0.0,0.0,0.0,0.9999999999919637,0.0,-0.20903429553866634,-0.08861492579092256,-0.14647701057094545,-0.07323850528547272,0.31824393577121574,6.632808685683959e-17,1.2894108103328677e-17,0.0,0.0,0.9999999999919637]},{"atoms":["Be","Ne"],"basis":"sto-3g","numCols":10,"numRows":10,"positions":[0.0,0.0,0.0,1.0,0.5,0.75],"values":[1.0000000000869433,0.25951732609356926,0.0,0.0,0.0,0.015128412594369962,0.24134895706089127,-0.25137798873295814,-0.12568899436647907,-0.1885334915497186,0.25951732609356926,1.0000000000539178,0.0,0.0,0.0,0.05989254936706049,0.4900194541950653,-0.09456436044227422,-0.04728218022113711,-0.07092327033170565,0.0,0.0,0.9999999999941057,0.0,0.0,0.07455526875904804,0.41684068118934947,0.1812071489987938,-0.08957336331527066,-0.134360044972906,0.0,0.0,0.0,0.9999999999941057,0.0,0.03727763437952402,0.20842034059467474,-0.08957336331527066,0.31556719397169986,-0.067180022486453,0.0,0.0,0.0,0.0,0.9999999999941057,0.05591645156928604,0.3126305108920121,-0.134360044972906,-0.067180022486453,0.25958384189965567,0.015128412594369962,0.05989254936706049,0.07455526875904804,0.03727763437952402,0.05591645156928604,0.9999999999833178,0.24278165635338345,0.0,0.0,9.71185697107932e-18,0.24134895706089127,0.4900194541950653,0.41684068118934947,0.20842034059467474,0.3126305108920121,0.24278165635338345,1.0000000000534757,0.0,0.0,9.755259833806769e-17,-0.25137798873295814,-0.09456436044227422,0.1812071489987938,-0.08957336331527066,-0.134360044972906,0.0,0.0,1.0000000000202,0.0,0.0,-0.12568899436647907,-0.04728218022113711,-0.08957336331527066,0.31556719397169986,-0.067180022486453,0.0,0.0,0.0,1.0000000000202,0.0,-0.1885334915497186,-0.07092327033170565,-0.134360044972906,-0.067180022486453,0.25958384189965567,9.71185697107932e-18,9.755259833806769e-17,0.0,0.0,1.0000000000202]},{"atoms":["B","H"],"basis":"sto-3g","numCols":6,"numRows":6,"positions":[0.0,0.0,0.0,1.0,0.5,0.75],"values":[1.0000000000686795,0.2693277644890726,0.0,0.0,0.0,0.19268455688388975,0.2693277644890726,1.0000000000761362,0.0,0.0,0.0,0.7323674650422993,0.0,0.0,0.9999999999943953,0.0,0.0,0.416233898413389,0.0,0.0,0.0,0.9999999999943953,0.0,0.2081169492066945,0.0,0.0,0.0,0.0,0.9999999999943953,0.3121754238100417,0.19268455688388975,0.7323674650422993,0.416233898413389,0.2081169492066945,0.3121754238100417,1.0000000000699916]},{"atoms":["B","He"],"basis":"sto-3g","numCols":6,"numRows":6,"positions":[0.0,0.0,0.0,1.0,0.5,0.75],"values":[1.0000000000686795,0.2693277644890726,0.0,0.0,0.0,0.17301234248405314,0.2693277644890726,1.0000000000761362,0.0,0.0,0.0,0.6088140742430679,0.0,0.0,0.9999999999943953,0.0,0.0,0.43888211500299146,0.0,0.0,0.0,0.9999999999943953,0.0,0.21944105750149573,0.0,0.0,0.0,0.0,0.9999999999943953,0.32916158625224357,0.17301234248405314,0.6088140742430679,0.43888211500299146,0.21944105750149573,0.32916158625224357,1.0000000001107725]},{"atoms":["B","Li"],"basis":"sto-3g","numCols":10,"numRows":10,"positions":[0.0,0.0,0.0,1.0,0.5,0.75],"values":[1.0000000000686795,0.2693277644890726,0.0,0.0,0.0,0.1084376155603724,0.10922995777183271,-0.13187704675168152,-0.06593852337584076,-0.09890778506376113,0.2693277644890726,1.0000000000761362,0.0,0.0,0.0,0.39558658005114156,0.712391722048676,-0.35817992558143513,-0.17908996279071757,-0.2686349441860763,0.0,0.0,0.9999999999943953,0.0,0.0,0.3798393189483862,0.11240939417682555,0.5