{"results":[{"atoms":["H","H","H"],"basis":"sto-3g","numCols":3,"numRows":3,"positions":[0.0,0.0,0.0,0.6182730149724041,-1.8522007681241817,-1.01495723875171,-0.7815152633385725,-0.9244362835243178,0.32919324256607707],"values":[1.0000000000699916,0.4051417181430435,0.7097994312759769,0.4051417181430435,1.0000000000699916,0.4189408833552706,0.7097994312759769,0.4189408833552706,1.0000000000699916]},{"atoms":["H","H","He"],"basis":"sto-3g","numCols":3,"numRows":3,"positions":[0.0,0.0,0.0,-1.317502224687344,1.7379407603903423,-1.8888503342934753,-1.3779198262203511,-0.8764919253463972,-0.39357631867740084],"values":[1.0000000000699916,0.24710314296959338,0.45995798140486177,0.24710314296959338,1.0000000000699916,0.14664968432136113,0.45995798140486177,0.14664968432136113,1.0000000001107725]},{"atoms":["H","H","Li"],"basis":"sto-3g","numCols":7,"numRows":7,"positions":[0.0,0.0,0.0,1.7097007006037703,1.0144671682243755,-0.6845765256984033,1.8932853578021938,0.06782278919824325,-1.5521057535130764],"values":[1.0000000000699916,0.43269594303613484,0.1261828987927318,0.47036702488711485,-0.42792804053026307,-0.015329582075568778,0.3508132416803867,0.43269594303613484,1.0000000000699916,0.40363838665863055,0.5892211354939138,-0.06623986780354481,0.3415623041738496,0.3130164701293392,0.1261828987927318,0.40363838665863055,1.0000000000865292,0.24113657387766618,2.0993125747488403e-17,8.276951851770622e-20,-8.831345679854939e-18,0.47036702488711485,0.5892211354939138,0.24113657387766618,1.0000000000680496,-1.0355227490117544e-16,0.0,-7.827553356474684e-17,-0.42792804053026307,-0.06623986780354481,2.0993125747488403e-17,-1.0355227490117544e-16,1.0000000000245315,0.0,-1.6063730696342904e-33,-0.015329582075568778,0.3415623041738496,8.276951851770622e-20,0.0,0.0,1.0000000000245315,0.0,0.3508132416803867,0.3130164701293392,-8.831345679854939e-18,-7.827553356474684e-17,-1.6063730696342904e-33,0.0,1.0000000000245315]},{"atoms":["H","H","Be"],"basis":"sto-3g","numCols":7,"numRows":7,"positions":[0.0,0.0,0.0,1.9475313735437605,0.7224833344665429,-0.03954406850534453,1.4422249448202398,1.0122953127091838,0.9399011158452533],"values":[1.0000000000699916,0.4399048595446946,0.12988415186454194,0.5767606208990856,-0.421991783471234,-0.29619533758859173,-0.27501295799011277,0.4399048595446946,1.0000000000699916,0.32684191761391945,0.7430716295602706,0.23061139637996428,-0.1322641889971749,-0.44699851179670763,0.12988415186454194,0.32684191761391945,1.0000000000869433,0.25951732609356926,-2.3845873445251953e-17,0.0,6.007937485128102e-17,0.5767606208990856,0.7430716295602706,0.25951732609356926,1.0000000000539178,-1.125210795005452e-16,1.8311313559680995e-17,-5.044554982102025e-17,-0.421991783471234,0.23061139637996428,-2.3845873445251953e-17,-1.125210795005452e-16,0.9999999999941057,0.0,6.535382993016771e-33,-0.29619533758859173,-0.1322641889971749,0.0,1.8311313559680995e-17,0.0,0.9999999999941057,0.0,-0.27501295799011277,-0.44699851179670763,6.007937485128102e-17,-5.044554982102025e-17,6.535382993016771e-33,0.0,0.9999999999941057]},{"atoms":["H","H","B"],"basis":"sto-3g","numCols":7,"numRows":7,"positions":[0.0,0.0,0.0,1.3790547464594418,-0.28193841262908803,-0.7898579905488115,-1.08552128664421,-1.8685407515322248,1.2145660527622146],"values":[1.0000000000699916,0.5860823101049069,0.05043545245871579,0.4149340865887241,0.19477164560895496,0.335266347644281,-0.21792573918894065,0.5860823101049069,1.0000000000699916,0.014299541182820986,0.19528234078949272,0.1691971510380656,0.10892282971472525,-0.13760696892493177,0.05043545245871579,0.014299541182820986,1.0000000000686795,0.2693277644890726,0.0,8.357192089903255e-17,-9.638047944308446e-18,0.4149340865887241,0.19528234078949272,0.2693277644890726,1.0000000000761362,0.0,-1.3531754764755336e-17,-1.5169538946566686e-17,0.19477164560895496,0.1691971510380656,0.0,0.0,0.9999999999943953,0.0,0.0,0.335266347644281,0.10892282971472525,8.357192089903255e-17,-1.3531754764755336e-17,0.0,0.9999999999943953,0.0,-0.21792573918894065,-0.13760696892493177,-9.638047944308446e-18,-1.5169538946566686e-17,0.0,0.0,0.9999999999943953]},{"atoms":["H","H","C"],"basis":"sto-3g","numCols":7,"numRows":7,"positions":[0.0,0.0,0.0,-0.1476071151345575,1.2915524379472796,1.203654420334629,0.0009338106704119831,1.7560741391644465,1.0742305577213842],"values":[1.0000000000699916,0.53402199788487,0.062369195337138854,0.4911249881246799,-0.00021206452573777388,-0.39879714516217746,-0.24395329907261074,0.53402199788487,1.0000000000699916,0.35223134802038397,0.928833391020528,-0.09382634997047735,-0.29341661546198144,0.08175099597820762,0.062369195337138854,0.35223134802038397,1.000000000086775,0.24836239707502916,2.2897894115921032e-20,3.426649467308668e-17,-4.688900418336914e-19,0.4911249881246799,0.928833391020528,0.24836239707502916,1.0000000000587068,-7.368066040352331e-20,-7.173939853145081e-17,4.47817605893984e-17,-0.00021206452573777388,-0.09382634997047735,2.2897894115921032e-20,-7.368066040352331e-20,1.000000000018046,0.0,0.0,-0.39879714516217746,-0.29341661546198144,3.426649467308668e-17,-7.173939853145081e-17,0.0,1.000000000018046,3.666444181604763e-32,-0.24395329907261074,0.08175099597820762,-4.688900418336914e-19,4.47817605893984e-17,0.0,3.666444181604763e-32,1.000000000018046]},{"atoms":["H","H","N"],"basis":"sto-3g","numCols":7,"numRows":7,"positions":[0.0,0.0,0.0,0.61563527340937,0.5852752104313517,-1.7933112850771746,-0.1329853697860801,-0.7096714439649834,1.4371612150498527],"values":[1.0000000000699916,0.4674866705761383,0.08504938536939469,0.5988626787771385,0.04021596577816752,0.21461099480452672,-0.434610411168735,0.4674866705761383,1.0000000000699916,0.008111287075557607,0.12567164000864633,0.030581443256036858,0.05289907243537921,-0.13196605296793754,0.08504938536939469,0.008111287075557607,1.0000000000523286,0.2350377623285701,0.0,5.846625341325069e-17,4.264995717582002e-17,0.5988626787771385,0.12567164000864633,0.2350377623285701,1.0000000000454687,2.465050078517184e-18,1.0106291554079979e-16,-1.9079661306461552e-16,0.04021596577816752,0.030581443256036858,0.0,2.465050078517184e-18,1.0000000000113674,0.0,-5.890706970680746e-33,0.21461099480452672,0.05289907243537921,5.846625341325069e-17,1.0106291554079979e-16,0.0,1.0000000000113674,-1.8790770382557563e-32,-0.434610411168735,-0.13196605296793754,4.264995717582002e-17,-1.9079661306461552e-16,-5.890706970680746e-33,-1.8790770382557563e-32,1.0000000000113674]},{"atoms":["H","H","O"],"basis":"sto-3g","numCols":7,"numRows":7,"positions":[0.0,0.0,0.0,-1.7504061244370623,-1.0416991171739518,0.12527863614208012,1.9026585874039874,0.3603162153481545,-1.6594765839766539],"values":[1.0000000000699916,0.45066983980710573,0.021491012871087033,0.2585557732865575,-0.1844200413538092,-0.03492456911337904,0.16084900479187839,0.45066983980710573,1.0000000000699916,0.0024645400973615384,0.04227324088158023,-0.04225259411276763,-0.016216188175620542,0.020643088435275805,0.021491012871087033,0.0024645400973615384,1.0000000000485125,0.23670392058231587,5.558284409784352e-17,-2.7948118361258584e-18,-8.463510559283051e-17,0.2585557732865575,0.04227324088158023,0.23670392058231587,1.000000000032514,2.1397586550160123e-16,4.9348907433775697e-17,-2.367301739204773e-16,-0.1844200413538092,-0.04225259411276763,5.558284409784352e-17,2.1397586550160123e-16,0.999999999980049,1.2508648923468346e-32,-7.374986783481528e-32,-0.03492456911337904,-0.016216188175620542,-2.7948118361258584e-18,4.9348907433775697e-17,1.2508648923468346e-32,0.999999999980049,-1.2508648923468346e-32,0.16084900479187839,0.020643088435275805,-8.463510559283051e-17,-2.367301739204773e-16,-7.374986783481528e-32,-1.2508648923468346e-32,0.999999999980049]},{"atoms":["H","H","F"],"basis":"sto-3g","numCols":7,"numRows":7,"positions":[0.0,0.0,0.0,-1.6377960301068666,-0.06884384528237941,0.11260605270637125,1.2061738850819776,1.6047033959818813,0.2864343599889567],"values":[1.0000000000699916,0.5763367986044274,0.03404569871624389,0.351310462022088,-0.17408530873740816,-0.2316044888523571,-0.04134065130111023,0.5763367986044274,1.0000000000699916,0.007394827711333104,0.09974844633076281,-0.08372738989025007,-0.049269769564275034,-0.005117561328648869,0.03404569871624389,0.007394827711333104,1.0000000001052436,0.23798988355510248,8.769090232148663e-18,7.744095813478724e-17,1.3032652244290808e-17,0.351310462022088,0.09974844633076281,0.23798988355510248,1.0000000000258042,-2.2371504703311654e-16,2.5788216206657353e-17,-5.592876175827913e-17,-0.17408530873740816,-0.08372738989025007,8.769090232148663e-18,-2.2371504703311654e-16,0.9999999999919637,0.0,1.60666646172549e-32,-0.2316044888523571,-0.049269769564275034,7.744095813478724e-17,2.5788216206657353e-17,0.0,0.9999999999919637,0.0,-0.04134065130111023,-0.005117561328648869,1.3032652244290808e-17,-5.592876175827913e-17,1.60666646172549e-32,0.0,0.9999999999919637]},{"atoms":["H","H","Ne"],"basis":"sto-3g","numCols":7,"numRows":7,"positions":[0.0,0.0,0.0,0.15399887333997464,-1.2755366004581332,-1.4208845194092268,1.1703720824711334,-1.156039801773195,-1.219479223046807],"values":[1.0000000000699916,0.4884459573865061,0.02816127161685332,0.29724762864685744,-0.13464748141262725,0.13299859937948647,0.1402970973740139,0.4884459573865061,1.0000000000699916,0.09620514517536348,0.6652115136682356,-0.36723324464249124,-0.04317626311989639,-0.07277122203425718,0.02816127161685332,0.09620514517536348,0.9999999999833178,0.24278165635338345,2.8781620262839684e-17,0.0,8.036176717552108e-17,0.29724762864685744,0.6652115136682356,0.24278165635338345,1.0000000000534757,2.9125514774323533e-17,0.0,0.0,-0.13464748141262725,-0.36723324464249124,2.8781620262839684e-17,2.9125514774323533e-17,1.0000000000202,0.0,0.0,0.13299859937948647,-0.04317626311989639,0.0,0.0,0.0,1.0000000000202,0.0,0.1402970973740139,-0.07277122203425718,8.036176717552108e-17,0.0,0.0,0.0,1.0000000000202]},{"atoms":["H","He","H"],"basis":"sto-3g","numCols":3,"numRows":3,"positions":[0.0,0.0,0.0,1.6258531946043875,-1.8368091933052086,1.171744592172867,-0.4614303139941309,-0.10935645603872302,1.42125198171843],"values":[1.0000000000699916,0.1930673224681464,0.625434609078793,0.1930673224681464,1.0000000001107725,0.1926500787610908,0.625434609078793,0.1926500787610908,1.0000000000699916]},{"atoms":["H","He","He"],"basis":"sto-3g","numCols":3,"numRows":3,"positions":[0.0,0.0,0.0,-0.6170633715874483,0.6568801157415924,0.7293631665825662,0.521396724857055,-1.7548522196919794,1.9992918429039594],"values":[1.0000000000699916,0.6524091413110249,0.1944301245850974,0.6524091413110249,1.0000000001107725,0.09588336541417833,0.1944301245850974,0.09588336541417833,1.0000000001107725]},{"atoms":["H","He","Li"],"basis":"sto-3g","numCols":7,"numRows":7,"positions":[0.0,0.0,0.0,0.31206948045627936,-0.5223472488711352,-1.1534063554368745,0.818781360658376,-1.7511839503191418,-1.1814446757819526],"values":[1.0000000000699916,0.5966036881657802,0.1541559891108074,0.49317442732253136,-0.20152603689483053,0.43101758093012627,0.29078808429320735,0.5966036881657802,1.0000000001107725,0.3581907731135127,0.4262073099349725,-0.1660448899269199,0.4026786479699539,0.009187903416784668,0.1541559891108074,0.3581907731135127,1.0000000000865292,0.24113657387766618,-3.111092779051428e-17,8.701849965632373e-18,1.9791471637099713e-17,0.49317442732253136,0.4262073099349725,0.24113657387766618,1.0000000000680496,6.3691525425825815e-18,3.946222588051558e-17,0.0,-0.20152603689483053,-0.1660448899269199,-3.111092779051428e-17,6.3691525425825815e-18,1.0000000000245315,7.705369864795893e-34,0.0,0.43101758093012627,0.4026786479699539,8.701849965632373e-18,3.946222588051558e-17,7.705369864795893e-34,1.0000000000245315,0.0,0.29078808429320735,0.009187903416784668,1.9791471637099713e-17,0.0,0.0,0.0,1.0000000000245315]},{"atoms":["H","He","Be"],"basis":"sto-3g","numCols":7,"numRows":7,"positions":[0.0,0.0,0.0,0.5067632280358376,-0.01671356355778686,1.3355225316023338,0.12601191112732701,-0.6162543419816768,-0.9199617271776914],"values":[1.0000000000699916,0.5496433553876587,0.33478426073000866,0.7469422834441035,-0.05812094118544682,0.28423727602545595,0.42431735984171864,0.5496433553876587,1.0000000001107725,0.052703139913984995,0.36726339570970845,0.0783663259611725,0.12339762459776661,0.46422430277849985,0.33478426073000866,0.052703139913984995,1.0000000000869433,0.25951732609356926,1.028797142123178e-18,-2.7736618898872746e-17,-1.6466726024298745e-17,0.7469422834441035,0.36726339570970845,0.25951732609356926,1.0000000000539178,0.0,-9.155656779840498e-18,1.4074089862880092e-16,-0.05812094118544682,0.0783663259611725,1.028797142123178e-18,0.0,0.9999999999941057,0.0,0.0,0.28423727602545595,0.12339762459776661,-2.7736618898872746e-17,-9.155656779840498e-18,0.0,0.9999999999941057,7.961212223417281e-34,0.42431735984171864,0.46422430277849985,-1.6466726024298745e-17,1.4074089862880092e-16,0.0,7.961212223417281e-34,0.9999999999941057]},{"atoms":["H","He","B"],"basis":"sto-3g","numCols":7,"numRows":7,"positions":[0.0,0.0,0.0,1.1635308975566145,-0.2525326990272019,1.9031763435414812,-1.6500419003280389,1.298167415954877,1.6073781513386525],"values":[1.0000000000699916,0.29322093434666563,0.041460393171959,0.37387421167030943,0.25711557162164467,-0.20228520084700521,-0.25046755001277055,0.29322093434666563,1.0000000001107725,0.008081845374069956,0.1653232322571947,0.20574316095139095,-0.11339530421390509,0.021630311152166633,0.041460393171959,0.008081845374069956,1.0000000000686795,0.2693277644890726,4.414131552489508e-17,-4.600077531037442e-17,2.8587808840964734e-17,0.37387421167030943,0.1653232322571947,0.2693277644890726,1.0000000000761362,3.905386098071919e-17,1.3159708648927417e-16,1.8170443798055623e-16,0.25711557162164467,0.20574316095139095,4.414131552489508e-17,3.905386098071919e-17,0.9999999999943953,0.0,0.0,-0.20228520084700521,-0.11339530421390509,-4.600077531037442e-17,1.3159708648927417e-16,0.0,0.9999999999943953,2.2237598085660625e-32,-0.25046755001277055,0.021630311152166633,2.8587808840964734e-17,1.8170443798055623e-16,0.0,2.2237598085660625e-32,0.9999999999943953]},{"atoms":["H","He","C"],"basis":"sto-3g","numCols":7,"numRows":7,"positions":[0.0,0.0,0.0,1.4857044953494047,-1.5483726169651613,-1.9202415187958182,-0.6446231375815892,-0.3364666530963165,-0.14181201823611267],"values":[1.0000000000699916,0.16629303244349336,0.282820527963708,0.8852398940219897,0.36936046910690534,0.19279090926325335,0.08125639699685452,0.16629303244349336,1.0000000001107725,0.008356663028680539,0.16298721151784573,0.15741664882682416,-0.0895515659546699,-0.13141378247424707,0.282820527963708,0.008356663028680539,1.000000000086775,0.24836239707502916,-2.906274318839422e-17,-1.8541493228035758e-17,4.864319842013696e-18,0.8852398940219897,0.16298721151784573,0.24836239707502916,1.0000000000587068,5.305811595850867e-17,0.0,0.0,0.36936046910690534,0.15741664882682416,-2.906274318839422e-17,5.305811595850867e-17,1.000000000018046,0.0,0.0,0.19279090926325335,-0.0895515659546699,-1.8541493228035758e-17,0.0,0.0,1.000000000018046,0.0,0.08125639699685452,-0.13141378247424707,4.864319842013696e-18,0.0,0.0,0.0,1.000000000018046]},{"atoms":["H","He","N"],"basis":"sto-3g","numCols":7,"numRows":7,"positions":[0.0,0.0,0.0,-1.7694830517888247,-1.6764765890053772,-0.9174491374422515,-0.6461126637125514,-1.21504282249921,0.5413482980533035],"values":[1.0000000000699916,0.21412653071657017,0.09936421300751593,0.6445883963094124,0.21799686739214785,0.4099525422240937,-0.1826496209896194,0.21412653071657017,1.0000000001107725,0.04132466866519639,0.4013583099593837,-0.2623011013732639,-0.10774236747743371,-0.3406215599702959,0.09936421300751593,0.04132466866519639,1.0000000000523286,0.2350377623285701,3.269740633111216e-17,-4.7445319954527744e-17,0.0,0.6445883963094124,0.4013583099593837,0.2350377623285701,1.0000000000454687,0.0,0.0,-1.552480932256076e-17,0.21799686739214785,-0.2623011013732639,3.269740633111216e-17,0.0,1.0000000000113674,0.0,0.0,0.4099525422240937,-0.10774236747743371,-4.7445319954527744e-17,0.0,0.0,1.0000000000113674,0.0,-0.1826496209896194,-0.3406215599702959,0.0,-1.552480932256076e-17,0.0,0.0,1.0000000000113674]},{"atoms":["H","He","O"],"basis":"sto-3g","numCols":7,"numRows":7,"positions":[0.0,0.0,0.0,0.9761013100855682,-0.1404199773311392,0.8370320589207569,0.9174030120846823,-0.5489432367698457,-1.3081448176207333],"values":[1.0000000000699916,0.6006480144369635,0.06265699325899576,0.5171283989228059,-0.2250260162222286,0.1346480315360591,0.32086946856871157,0.6006480144369635,1.0000000001107725,0.021043103142485035,0.26877449595287795,0.008157661062843801,0.05677497304502538,0.29812833548276385,0.06265699325899576,0.021043103142485035,1.0000000000485125,0.23670392058231587,-3.512974660820015e-17,1.1947035585424715e-17,-9.233846423141543e-17,0.5171283989228059,0.26877449595287795,0.23670392058231587,1.000000000032514,6.940741913233909e-17,-9.869781486755139e-17,-1.6156914668355424e-16,-0.2250260162222286,0.008157661062843801,-3.512974660820015e-17,6.940741913233909e-17,0.999999999980049,-1.2508648923468346e-32,-3.111236580626339e-32,0.1346480315360591,0.05677497304502538,1.1947035585424715e-17,-9.869781486755139e-17,-1.2508648923468346e-32,0.999999999980049,2.501729784693669e-32,0.32086946856871157,0.29812833548276385,-9.233846423141543e-17,-1.6156914668355424e-16,-3.111236580626339e-32,2.501729784693669e-32,0.999999999980049]},{"atoms":["H","He","F"],"basis":"sto-3g","numCols":7,"numRows":7,"positions":[0.0,0.0,0.0,-1.4242742412617138,-0.6609733967653859,0.061743293071325756,1.3488239524720034,0.08547964116997164,0.594306184132662],"values":[1.0000000000699916,0.4976744102210592,0.06788694193225213,0.5444296007785997,-0.35725063010763053,-0.022640208615349586,-0.15740842855669995,0.4976744102210592,1.0000000001107725,0.005136749349909937,0.08970728068203017,-0.10559248224748355,-0.028423021346620937,-0.02027863194571844,0.06788694193225213,0.005136749349909937,1.0000000001052436,0.23798988355510248,2.057587710688804e-16,5.346494528281292e-18,4.278386554346358e-17,0.5444296007785997,0.08970728068203017,0.23798988355510248,1.0000000000258042,-2.3190389888367713e-16,-2.062955476646337e-17,0.0,-0.35725063010763053,-0.10559248224748355,2.057587710688804e-16,-2.3190389888367713e-16,0.9999999999919637,-1.0200625874517117e-33,0.0,-0.022640208615349586,-0.028423021346620937,5.346494528281292e-18,-2.062955476646337e-17,-1.0200625874517117e-33,0.9999999999919637,0.0,-0.15740842855669995,-0.02027863194571844,4.278386554346358e-17,0.0,0.0,0.0,0.9999999999919637]},{"atoms":["H","He","Ne"],"basis":"sto-3g","numCols":7,"numRows":7,"positions":[0.0,0.0,0.0,-1.9228541071029281,-1.321972787988352,-1.0095634121656332,-0.34119753021310406,1.724792394588491,-1.5925040999980493],"values":[1.0000000000699916,0.2263581114283508,0.018753631249180454,0.21619697706754148,0.02579458736623572,-0.1303945784221947,0.12039356238256448,0.2263581114283508,1.0000000001107725,0.0014354956113350574,0.029049368554856708,-0.016930350868260516,-0.0326131502299054,0.0062399072748112825,0.018753631249180454,0.0014354956113350574,0.9999999999833178,0.24278165635338345,0.0,2.0749966366314075e-17,-5.138649976669261e-17,0.21619697706754148,0.029049368554856708,0.24278165635338345,1.0000000000534757,-1.1464474577017282e-17,-1.5646029120090345e-16,-2.526664060669436e-16,0.02579458736623572,-0.016930350868260516,0.0,-1.1464474577017282e-17,1.0000000000202,0.0,0.0,-0.1303945784221947,-0.0326131502299054,2.0749966366314075e-17,-1.5646029120090345e-16,0.0,1.0000000000202,8.197668158800744e-32,0.12039356238256448,0.0062399072748112825,-5.138649976669261e-17,-2.526664060669436e-16,0.0,8.197668158800744e-32,1.0000000000202]},{"atoms":["H","Li","H"],"basis":"sto-3g","numCols":7,"numRows":7,"positions":[0.0,0.0,0.0,-1.3803383748990559,1.6973321683587081,1.952993235051573,1.5049320808978361,0.45891444511668933,0.7181858924231177],"values":[1.0000000000699916,0.07369237575662646,0.40729790041013914,0.2455076659180372,-0.3018883387718763,-0.34736034251477815,0.5477348877491647,0.07369237575662646,1.0000000000865292,0.24113657387766618,-1.4563370782186689e-18,-2.4120294516272675e-17,-1.0459218455244898e-17,0.04459959355084234,0.40729790041013914,0.24113657387766618,1.0000000000680496,6.209469202366665e-17,-9.690903358955716e-17,-7.018511279420674e-17,0.3494118199355963,0.2455076659180372,-1.4563370782186689e-18,6.209469202366665e-17,1.0000000000245315,-6.325361233229874e-33,-6.325361233229874e-33,0.40528422010202747,-0.3018883387718763,-2.4120294516272675e-17,-9.690903358955716e-17,-6.325361233229874e-33,1.0000000000245315,6.325361233229874e-33,-0.17395636520530122,-0.34736034251477815,-1.0459218455244898e-17,-7.018511279420674e-17,-6.325361233229874e-33,6.325361233229874e-33,1.0000000000245315,-0.1734492272043212,0.5477348877491647,0.04459959355084234,0.3494118199355963,0.40528422010202747,-0.17395636520530122,-0.1734492272043212,1.0000000000699916]},{"atoms":["H","Li","He"],"basis":"sto-3g","numCols":7,"numRows":7,"positions":[0.0,0.0,0.0,0.4645650621367543,-0.637296281961266,1.6421337865076744,-0.7204219350183021,1.768519881910989,-1.0108898073233854],"values":[1.0000000000699916,0.24586248836847155,0.543249139674563,-0.1384060947166464,0.18986724735174426,-0.48923464745155854,0.31472797259222596,0.24586248836847155,1.0000000000865292,0.24113657387766618,-3.826079832250283e-18,9.7898666803954e-18,2.2529176320080615e-17,0.00921356859224828,0.543249139674563,0.24113657387766618,1.0000000000680496,1.0507819360348767e-17,-6.3691525425825815e-18,5.521369209660602e-18,0.20179519719623012,-0.1384060947166464,-3.826079832250283e-18,1.0507819360348767e-17,1.0000000000245315,-1.926342466198973e-34,-7.626377119441968e-34,-0.09931219254400497,0.18986724735174426,9.7898666803954e-18,-6.3691525425825815e-18,-1.926342466198973e-34,1.0000000000245315,0.0,0.2016282699013423,-0.48923464745155854,2.2529176320080615e-17,5.521369209660602e-18,-7.626377119441968e-34,0.0,1.0000000000245315,-0.2223463975612401,0.31472797259222596,0.00921356859224828,0.20179519719623012,-0.09931219254400497,0.2016282699013423,-0.2223463975612401,1.0000000001107725]},{"atoms":["H","Li","Li"],"basis":"sto-3g","numCols":11,"numRows":11,"positions":[0.0,0.0,0.0,1.905412260203395,-0.5099605315804736,-1.2006101514399865,0.9560191284957362,0.09864017423987548,-0.43969980682807863],"values":[1.0000000000699916,0.1470419841494042,0.4878492593254896,-0.4597294428269595,0.12304102159088934,0.28967790724458625,0.49215807595313965,0.6046179613774572,-0.3706336508369592,-0.038241251464543144,0.17046473215804842,0.1470419841494042,1.0000000000865292,0.24113657387766618,-2.6134889265082562e-17,0.0,-4.234457385007834e-18,0.23488848968281684,0.23712629927236217,0.22466909071098745,-0.14402228393708946,-0.18006559087809162,0.4878492593254896,0.24113657387766618,1.0000000000680496,4.697895208716939e-17,-6.3691525425825815e-18,0.0,0.23712629927236217,0.939865444699397,0.20775827372626662,-0.13318174295446417,-0.1665120742686255,-0.4597294428269595,-2.6134889265082562e-17,4.697895208716939e-17,1.0000000000245315,0.0,0.0,-0.22466909071098742,-0.20775827372626665,0.7952556128964298,0.061870212586655135,0.07735397663902886,0.12304102159088934,0.0,-6.3691525425825815e-18,0.0,1.0000000000245315,0.0,0.14402228393708946,0.13318174295446417,0.061870212586655135,0.8521093138190565,-0.04958713435797228,0.28967790724458625,-4.234457385007834e-18,0.0,0.0,0.0,1.0000000000245315,0.18006559087809165,0.16651207426862547,0.07735397663902886,-0.04958713435797227,0.829773797304554,0.49215807595313965,0.23488848968281684,0.23712629927236217,-0.22466909071098742,0.14402228393708946,0.18006559087809165,1.0000000000865292,0.24113657387766618,8.147747339423145e-18,-4.1617478142087456e-19,1.1865602868693621e-17,0.6046179613774572,0.23712629927236217,0.939865444699397,-0.20775827372626665,0.13318174295446417,0.16651207426862547,0.24113657387766618,1.0000000000680496,3.1143154366607024e-17,-6.217380321902291e-18,2.6530331615513732e-17,-0.3706336508369592,0.22466909071098745,0.20775827372626662,0.7952556128964298,0.061870212586655135,0.07735397663902886,8.147747339423145e-18,3.1143154366607024e-17,1.0000000000245315,-2.4786669696450514e-34,1.346035503013735e-33,-0.038241251464543144,-0.14402228393708946,-0.13318174295446417,0.061870212586655135,0.8521093138190565,-0.04958713435797227,-4.1617478142087456e-19,-6.217380321902291e-18,-2.4786669696450514e-34,1.0000000000245315,-1.4649862626572907e-34,0.17046473215804842,-0.18006559087809162,-0.1665120742686255,0.07735397663902886,-0.04958713435797228,0.829773797304554,1.1865602868693621e-17,2.6530331615513732e-17,1.346035503013735e-33,-1.4649862626572907e-34,1.0000000000245315]},{"atoms":["H","Li","Be"],"basis":"sto-3g","numCols":11,"numRows":11,"positions":[0.0,0.0,0.0,0.2842558619721931,0.01657292671740951,-0.14414430232689002,1.2128181269112837,0.8649805775705879,0.7230573451715787],"values":[1.0000000000699916,0.7588277932567589,0.6304101567517196,-0.12653312865896854,-0.0073772419468864725,0.06416412813878869,0.1913214791703449,0.6490663942707348,-0.43104482642017855,-0.30742070442604214,-0.25698010355027995,0.7588277932567589,1.0000000000865292,0.24113657387766618,6.652055642036191e-18,-5.217042257958104e-20,0.0,0.10854799090027434,0.32007041169061823,-0.26840692462379495,-0.24523771532729394,-0.25067024153627493,0.6304101567517196,0.24113657387766618,1.0000000000680496,3.1845762712912908e-18,0.0,-1.5922881356456454e-18,0.1515657299035113,0.828749179679336,-0.14939644866183693,-0.13650036711680363,-0.13952413456997814,-0.12653312865896854,6.652055642036191e-18,3.1845762712912908e-18,1.0000000000245315,0.0,-4.815856165497433e-35,0.14405483884506334,0.2842277078998633,0.6457371978089267,-0.09762893240192362,-0.09979161660945035,-0.0073772419468864725,-5.217042257958104e-20,0.0,0.0,1.0000000000245315,0.0,0.13161985149869324,0.2596928295191105,-0.09762893240192361,0.6633882880750426,-0.09117748396551346,0.06416412813878869,0.0,-1.5922881356456454e-18,-4.815856165497433e-35,0.0,1.0000000000245315,0.13453550536512465,0.2654455666165188,-0.09979161660945035,-0.09117748396551348,0.6593925181887071,0.1913214791703449,0.10854799090027434,0.1515657299035113,0.14405483884506334,0.13161985149869324,0.13453550536512465,1.0000000000869433,0.25951732609356926,0.0,4.9351227229206655e-17,2.3102728794262422e-17,0.6490663942707348,0.32007041169061823,0.828749179679336,0.2842277078998633,0.2596928295191105,0.2654455666165188,0.25951732609356926,1.0000000000539178,-1.008910996420405e-16,-7.108753073612256e-17,5.8149899292523545e-18,-0.43104482642017855,-0.26840692462379495,-0.14939644866183693,0.6457371978089267,-0.09762893240192361,-0.09979161660945035,0.0,-1.008910996420405e-16,0.9999999999941057,6.535382993016771e-33,0.0,-0.30742070442604214,-0.24523771532729394,-0.13650036711680363,-0.09762893240192362,0.6633882880750426,-0.09117748396551348,4.9351227229206655e-17,-7.108753073612256e-17,6.535382993016771e-33,0.9999999999941057,0.0,-0.25698010355027995,-0.25067024153627493,-0.13952413456997814,-0.09979161660945035,-0.09117748396551346,0.6593925181887071,2.3102728794262422e-17,5.8149899292523545e-18,0.0,0.0,0.9999999999941057]},{"atoms":["H","Li","B"],"basis":"sto-3g","numCols":11,"numRows":11,"positions":[0.0,0.0,0.0,-0.7702866768427019,0.450054679385818,-0.275357931563619,-1.703957787217244,-1.4560415795636317,0.05093531292860787],"values":[1.0000000000699916,0.5402165642580239,0.6111158835021244,0.3084137992844463,-0.18019664331214708,0.11025010348710003,0.06704986493703673,0.4777450211529028,0.3719587439086726,0.3178408532630152,-0.011118723221694857,0.5402165642580239,1.0000000000865292,0.24113657387766618,1.2166016396290794e-17,1.3321441374807447e-17,-8.370870429323247e-19,0.014234352788670506,0.22379435553542676,0.1476257701111484,0.30137906700413203,-0.05159128408814869,0.6111158835021244,0.24113657387766618,1.0000000000680496,-4.045210385270045e-18,3.1737513079440044e-17,-2.0226051926350227e-18,0.09518687051414462,0.6184559516067163,0.09781429059905214,0.19968857482144428,-0.034183495539952084,0.3084137992844463,1.2166016396290794e-17,-4.045210385270045e-18,1.0000000000245315,-9.914667878580205e-34,9.914667878580205e-34,-0.06806575817954862,-0.2629642030404871,0.40457590146554906,-0.16197155723652853,0.027726944364968153,-0.18019664331214708,1.3321441374807447e-17,3.1737513079440044e-17,-9.914667878580205e-34,1.0000000000245315,-4.957333939290103e-34,-0.13895673282270712,-0.5368433039039041,-0.16197155723652853,0.15324901327136317,0.056604755506427164,0.11025010348710003,-8.370870429323247e-19,-2.0226051926350227e-18,9.914667878580205e-34,-4.957333939290103e-34,1.0000000000245315,0.02378717390786457,0.09189900173838855,0.02772694436496815,0.05660475550642715,0.4742252771163949,0.06704986493703673,0.014234352788670506,0.09518687051414462,-0.06806575817954862,-0.13895673282270712,0.02378717390786457,1.0000000000686795,0.2693277644890726,4.9427515223355224e-17,2.376945517754042e-17,-2.565535823340054e-18,0.4777450211529028,0.22379435553542676,0.6184559516067163,-0.2629642030404871,-0.5368433039039041,0.09189900173838855,0.2693277644890726,1.0000000000761362,-1.665348990339895e-16,0.0,3.6383608607096085e-18,0.3719587439086726,0.1476257701111484,0.09781429059905214,0.40457590146554906,-0.16197155723652853,0.02772694436496815,4.9427515223355224e-17,-1.665348990339895e-16,0.9999999999943953,0.0,-1.5663312967276956e-33,0.3178408532630152,0.30137906700413203,0.19968857482144428,-0.16197155723652853,0.15324901327136317,0.05660475550642715,2.376945517754042e-17,0.0,0.0,0.9999999999943953,0.0,-0.011118723221694857,-0.05159128408814869,-0.034183495539952084,0.027726944364968153,0.056604755506427164,0.4742252771163949,-2.565535823340054e-18,3.6383608607096085e-18,-1.5663312967276956e-33,0.0,0.9999999999943953]},{"atoms":["H","Li","C"],"basis":"sto-3g","numCols":11,"numRows":11,"positions":[0.0,0.0,0.0,0.1868681886129444,-1.516629583870301,0.38720404317270374,-1.3111673715699896,-0.26299942745779936,1.3917274529133268],"values":[1.0000000000699916,0.3129464324749868,0.5667719666516546,-0.06121118263103866,0.4967923707667945,-0.126833879955955,0.07309515668660684,0.53089087790674,0.33262546257451914,0.0667194044878004,-0.3530624677219112,0.3129464324749868,1.0000000000865292,0.24113657387766618,-4.736227848555872e-18,-1.8410832201451185e-17,-2.908624223553599e-18,0.008182077912465826,0.19521449595313628,0.20029716618613974,-0.16761856290263769,-0.13431135928049343,0.5667719666516546,0.24113657387766618,1.0000000000680496,-7.761836502958331e-18,-3.4814341565890506e-17,0.0,0.0711194298265744,0.539338378983204,0.1255058408634557,-0.10502948734616357,-0.08415925399736637,-0.06121118263103866,-4.736227848555872e-18,-7.761836502958331e-18,1.0000000000245315,-9.914667878580205e-34,0.0,-0.08046661661150306,-0.4075229920941556,0.2141877796140242,0.1537732125810094,0.12321719530956936,0.4967923707667945,-1.8410832201451185e-17,-3.4814341565890506e-17,-9.914667878580205e-34,1.0000000000245315,0.0,0.06733843965382565,0.34103537052104427,0.15377321258100934,0.2692553113844541,-0.10311423569263076,-0.126833879955955,-2.908624223553599e-18,0.0,0.0,0.0,1.0000000000245315,0.05395773120299483,0.2732688037900328,0.12321719530956937,-0.10311423569263076,0.31531575294066977,0.07309515668660684,0.008182077912465826,0.0711194298265744,-0.08046661661150306,0.06733843965382565,0.05395773120299483,1.000000000086775,0.24836239707502916,-9.237046070225946e-17,-9.299517417041902e-18,4.224416429995587e-17,0.53089087790674,0.19521449595313628,0.539338378983204,-0.4075229920941556,0.34103537052104427,0.2732688037900328,0.24836239707502916,1.0000000000587068,0.0,0.0,-5.523460855867146e-18,0.33262546257451914,0.20029716618613974,0.1255058408634557,0.2141877796140242,0.15377321258100934,0.12321719530956937,-9.237046070225946e-17,0.0,1.000000000018046,0.0,0.0,0.0667194044878004,-0.16761856290263769,-0.10502948734616357,0.1537732125810094,0.2692553113844541,-0.10311423569263076,-9.299517417041902e-18,0.0,0.0,1.000000000018046,0.0,-0.3530624677219112,-0.13431135928049343,-0.08415925399736637,0.12321719530956936,-0.10311423569263076,0.31531575294066977,4.224416429995587e-17,-5.523460855867146e-18,0.0,0.0,1.000000000018046]},{"atoms":["H","Li","N"],"basis":"sto-3g","numCols":11,"numRows":11,"positions":[0.0,0.0,0.0,1.6980711713008847,-1.6558047760612302,-1.1766646155474128,-0.2631179418378029,0.05614465610115449,1.2059110066107315],"values":[1.0000000000699916,0.10133846050886397,0.44482789734806427,-0.34873966279584184,0.34005924428771733,0.24165631463811768,0.13190043302018756,0.7299715117724445,0.10755123863788175,-0.022949507982619497,-0.49292428156795887,0.10133846050886397,1.0000000000865292,0.24113657387766618,-1.7767435761653712e-17,2.8493321602732086e-17,-3.348348171729299e-18,2.788541818495371e-05,0.026553092072699326,0.02625870186320989,-0.02292158846022749,-0.03190071906358696,0.44482789734806427,0.24113657387766618,1.0000000000680496,1.2738305085165163e-17,1.2738305085165163e-17,-1.2738305085165163e-17,0.030984422722666938,0.3043929569192081,0.08523204570087496,-0.07440024588252593,-0.10354523842352827,-0.34873966279584184,-1.7767435761653712e-17,1.2738305085165163e-17,1.0000000000245315,1.5410739729591785e-33,-1.5410739729591785e-33,-0.030234348310239967,-0.2504696765057719,0.05023218847864573,0.09296524631111283,0.12938275243855152,0.34005924428771733,2.8493321602732086e-17,1.2738305085165163e-17,1.5410739729591785e-33,1.0000000000245315,-1.5410739729591785e-33,0.026391985900165883,0.21863848702571798,0.0929652463111128,0.07558141513306721,-0.11294001587348261,0.24165631463811768,-3.348348171729299e-18,-1.2738305085165163e-17,-1.5410739729591785e-33,-1.5410739729591785e-33,1.0000000000245315,0.03673058388567649,0.3042862829160973,0.12938275243855155,-0.11294001587348267,-0.00045020785306574065,0.13190043302018756,2.788541818495371e-05,0.030984422722666938,-0.030234348310239967,0.026391985900165883,0.03673058388567649,1.0000000000523286,0.2350377623285701,3.113079105807272e-17,-1.2504640179831048e-18,-4.972944743429348e-17,0.7299715117724445,0.026553092072699326,0.3043929569192081,-0.2504696765057719,0.21863848702571798,0.3042862829160973,0.2350377623285701,1.0000000000454687,4.769915326615388e-17,-1.369817501427326e-17,0.0,0.10755123863788175,0.02625870186320989,0.08523204570087496,0.05023218847864573,0.0929652463111128,0.12938275243855155,3.113079105807272e-17,4.769915326615388e-17,1.0000000000113674,-5.872115744549239e-34,0.0,-0.022949507982619497,-0.02292158846022749,-0.07440024588252593,0.09296524631111283,0.07558141513306721,-0.11294001587348267,-1.2504640179831048e-18,-1.369817501427326e-17,-5.872115744549239e-34,1.0000000000113674,0.0,-0.49292428156795887,-0.03190071906358696,-0.10354523842352827,0.12938275243855152,-0.11294001587348261,-0.00045020785306574065,-4.972944743429348e-17,0.0,0.0,0.0,1.0000000000113674]},{"atoms":["H","Li","O"],"basis":"sto-3g","numCols":11,"numRows":11,"positions":[0.0,0.0,0.0,1.1767703707466448,-1.1216685945924674,1.509858958606034,1.902815526933607,-1.9718734811940075,0.04397944781635177],"values":[1.0000000000699916,0.1621631680882396,0.4988377996283453,-0.29584934715713135,0.2819963262894591,-0.3795904437324694,0.017159502130622187,0.21720618693100285,-0.14798643576187204,0.15335723517324326,-0.0034203850226119338,0.1621631680882396,1.0000000000865292,0.24113657387766618,-2.1115783933383012e-17,-2.0240358754459993e-18,3.3929433098128607e-17,0.013025430203917752,0.226554881233952,-0.12402649172745076,0.14523604824872693,0.25040852000612907,0.4988377996283453,0.24113657387766618,1.0000000000680496,8.09042077054009e-18,-1.2738305085165163e-17,8.09042077054009e-18,0.050305415604048505,0.43983740363233126,-0.037907601356402504,0.0443901149094055,0.076535151647268,-0.29584934715713135,-2.1115783933383012e-17,8.09042077054009e-18,1.0000000000245315,0.0,7.931734302864164e-33,0.03350099333848975,0.20844788411093151,0.27049632305103843,0.05156911925740523,0.0889128214859675,0.2819963262894591,-2.0240358754459993e-18,-1.2738305085165163e-17,0.0,1.0000000000245315,0.0,-0.039229940451603426,-0.2440941973962142,0.051569119257405274,0.25414667691714954,-0.10411764979729984,-0.3795904437324694,3.3929433098128607e-17,8.09042077054009e-18,7.931734302864164e-33,0.0,1.0000000000245315,-0.06763824440879262,-0.42085465316015797,0.08891282148596753,-0.10411764979729983,0.13502024884946523,0.017159502130622187,0.013025430203917752,0.050305415604048505,0.03350099333848975,-0.039229940451603426,-0.06763824440879262,1.0000000000485125,0.23670392058231587,1.223865669298452e-16,2.192919517850223e-17,-4.2697457102073e-18,0.21720618693100285,0.226554881233952,0.43983740363233126,0.20844788411093151,-0.2440941973962142,-0.42085465316015797,0.23670392058231587,1.000000000032514,1.7709799758687868e-16,-1.543436891680026e-16,6.168613429221962e-18,-0.14798643576187204,-0.12402649172745076,-0.037907601356402504,0.27049632305103843,0.051569119257405274,0.08891282148596753,1.223865669298452e-16,1.7709799758687868e-16,0.999999999980049,-8.635506547059748e-32,1.5635811154335433e-33,0.15335723517324326,0.14523604824872693,0.0443901149094055,0.05156911925740523,0.25414667691714954,-0.10411764979729983,2.192919517850223e-17,-1.543436891680026e-16,-8.635506547059748e-32,0.999999999980049,-1.5635811154335433e-33,-0.0034203850226119338,0.25040852000612907,0.076535151647268,0.0889128214859675,-0.10411764979729984,0.13502024884946523,-4.2697457102073e-18,6.168613429221962e-18,1.5635811154335433e-33,-1.5635811154335433e-33,0.999999999980049]},{"atoms":["H","Li","F"],"basis":"sto-3g","numCols":11,"numRows":11,"positions":[0.0,0.0,0.0,0.9789509370461875,0.9976503777043284,1.117853906901947,-0.42850492893351766,-1.5007656853362714,1.3798792089322802],"values":[1.0000000000699916,0.2539127457509109,0.5464987210991181,-0.29541753014399064,-0.3010604509127988,-0.3373342092456703,0.03173436685684066,0.3346668933129562,0.05796251605580659,0.20300386123633926,-0.18665192720623303,0.2539127457509109,1.0000000000865292,0.24113657387766618,2.4750908921401942e-17,-1.3173313770695738e-17,-3.195918107068046e-17,0.0002811732178963785,0.03366394202093668,0.027683465346887155,0.049141728827956026,-0.005153815863146191,0.5464987210991181,0.24113657387766618,1.0000000000680496,6.984417870146267e-17,-5.582134783585777e-17,0.0,0.029082855010242707,0.2802039156298175,0.04816953823708735,0.08550715584748786,-0.008967697041390915,-0.29541753014399064,2.4750908921401942e-17,6.984417870146267e-17,1.0000000000245315,-4.273411314334938e-33,0.0,-0.024386023121865295,-0.20856471895541728,0.07748841313506756,-0.10809875343950823,0.011337026261598033,-0.3010604509127988,-1.3173313770695738e-17,-5.582134783585777e-17,-4.273411314334938e-33,1.0000000000245315,0.0,-0.04328834271399189,-0.37022933124730495,-0.10809875343950813,-0.053504572809242444,0.020124686822327736,-0.3373342092456703,-3.195918107068046e-17,0.0,0.0,0.0,1.0000000000245315,0.004539932816563057,0.038828381619713796,0.011337026261598025,0.020124686822327736,0.13627407724575194,0.03173436685684066,0.0002811732178963785,0.029082855010242707,-0.024386023121865295,-0.04328834271399189,0.004539932816563057,1.0000000001052436,0.23798988355510248,-3.580206373218277e-17,-1.2214539420008164e-16,-6.661359144352372e-19,0.3346668933129562,0.03366394202093668,0.2802039156298175,-0.20856471895541728,-0.37022933124730495,0.038828381619713796,0.23798988355510248,1.0000000000258042,5.592876175827913e-17,6.639156366549543e-17,-1.481513125218072e-17,0.05796251605580659,0.027683465346887155,0.04816953823708735,0.07748841313506756,-0.10809875343950813,0.011337026261598025,-3.580206373218277e-17,5.592876175827913e-17,0.9999999999919637,0.0,0.0,0.20300386123633926,0.049141728827956026,0.08550715584748786,-0.10809875343950823,-0.053504572809242444,0.020124686822327736,-1.2214539420008164e-16,6.639156366549543e-17,0.0,0.9999999999919637,6.493010751025157e-32,-0.18665192720623303,-0.005153815863146191,-0.008967697041390915,0.01133702626159803