{"results":[{"atoms":["H","H"],"basis":"sto-6g","numCols":2,"numRows":2,"positions":[0.0,0.0,0.0,1.0,0.5,0.75],"values":[-1.9116889807272406,-1.2478221440832873,-1.2478221440832873,-1.9116889807272406]},{"atoms":["H","He"],"basis":"sto-6g","numCols":2,"numRows":2,"positions":[0.0,0.0,0.0,1.0,0.5,0.75],"values":[-2.5838167523421216,-1.821558571553168,-1.821558571553168,-4.095638669567872]},{"atoms":["H","Li"],"basis":"sto-6g","numCols":6,"numRows":6,"positions":[0.0,0.0,0.0,1.0,0.5,0.75],"values":[-3.2516463768436967,-2.11602641176934,-1.430988933299286,0.9287811140313491,0.46439055701567455,0.6965858355235119,-2.11602641176934,-8.785173537016393,-0.9919115957530429,0.046694681231689614,0.023347340615844807,0.035021010923767165,-1.430988933299286,-0.9919115957530429,-1.5815870474324105,0.09506424833447424,0.04753212416723712,0.07129818625085567,0.9287811140313491,0.046694681231689614,0.09506424833447424,-1.6005918056627912,-0.02405154376986461,-0.036077315654796924,0.46439055701567455,0.023347340615844807,0.04753212416723712,-0.02405154376986461,-1.5645144900079941,-0.018038657827398462,0.6965858355235119,0.035021010923767165,0.07129818625085567,-0.036077315654796924,-0.018038657827398462,-1.5795467048641596]},{"atoms":["H","Be"],"basis":"sto-6g","numCols":6,"numRows":6,"positions":[0.0,0.0,0.0,1.0,0.5,0.75],"values":[-3.922341432754142,-2.3295041103810146,-2.428066751011011,1.4854218091664064,0.7427109045832032,1.1140663568748048,-2.3295041103810146,-15.405782331127725,-1.8364776365825903,0.04530299652326857,0.022651498261634286,0.03397724739245149,-2.428066751011011,-1.8364776365825903,-2.8092210718327615,0.150628683371195,0.0753143416855975,0.11297151252839624,1.4854218091664064,0.04530299652326857,0.150628683371195,-2.8433363048258546,-0.043030473482821,-0.06454571022423149,0.7427109045832032,0.022651498261634286,0.0753143416855975,-0.043030473482821,-2.778790594601623,-0.03227285511211574,1.1140663568748048,0.03397724739245149,0.11297151252839624,-0.06454571022423149,-0.03227285511211574,-2.805684640528386]},{"atoms":["H","B"],"basis":"sto-6g","numCols":6,"numRows":6,"positions":[0.0,0.0,0.0,1.0,0.5,0.75],"values":[-4.593036488664588,-2.5228184639386124,-3.351433858922211,1.9261015929400664,0.9630507964700332,1.44457619470505,-2.5228184639386124,-24.006335141360832,-2.945124651950192,0.03946093820405809,0.019730469102029045,0.02959570365304368,-3.351433858922211,-2.945124651950192,-4.350615746059334,0.18782422333968032,0.09391211166984016,0.14086816750476042,1.9261015929400664,0.03946093820405809,0.18782422333968032,-4.395333845227659,-0.05593880511180533,-0.08390820766770803,0.9630507964700332,0.019730469102029045,0.09391211166984016,-0.05593880511180533,-4.311425637559951,-0.04195410383385401,1.44457619470505,0.02959570365304368,0.14086816750476042,-0.08390820766770803,-0.04195410383385401,-4.346387390754829]},{"atoms":["H","C"],"basis":"sto-6g","numCols":6,"numRows":6,"positions":[0.0,0.0,0.0,1.0,0.5,0.75],"values":[-5.263731544575034,-2.706201799289762,-4.082739673984922,2.2402363691665084,1.1201181845832542,1.6801772768748808,-2.706201799289762,-34.55817352000676,-3.8002351559304395,0.030516441156025885,0.015258220578012942,0.022887330867019298,-4.082739673984922,-3.8002351559304395,-5.800751151356877,0.20072939903297912,0.10036469951648956,0.15054704927473442,2.2402363691665084,0.030516441156025885,0.20072939903297912,-5.84934783565539,-0.059956768006097734,-0.0899351520091466,1.1201181845832542,0.015258220578012942,0.10036469951648956,-0.059956768006097734,-5.759412683646244,-0.0449675760045733,1.6801772768748808,0.022887330867019298,0.15054704927473442,-0.0899351520091466,-0.0449675760045733,-5.7968856636500545]},{"atoms":["H","N"],"basis":"sto-6g","numCols":6,"numRows":6,"positions":[0.0,0.0,0.0,1.0,0.5,0.75],"values":[-5.934426600485479,-2.8856524717143635,-4.783757643204037,2.5043180172345663,1.2521590086172831,1.8782385129259258,-2.8856524717143635,-47.12121495605458,-4.81925582630238,0.024794617826013315,0.012397308913006657,0.018595963369509968,-4.783757643204037,-4.81925582630238,-7.49952876616189,0.20681518788842998,0.10340759394421499,0.15511139091632303,2.5043180172345663,0.024794617826013315,0.20681518788842998,-7.547030676269396,-0.06119500302883888,-0.09179250454325834,1.2521590086172831,0.012397308913006657,0.10340759394421499,-0.06119500302883888,-7.455238171726139,-0.04589625227162917,1.8782385129259258,0.018595963369509968,0.15511139091632303,-0.09179250454325834,-0.04589625227162917,-7.493485048619163]},{"atoms":["H","O"],"basis":"sto-6g","numCols":6,"numRows":6,"positions":[0.0,0.0,0.0,1.0,0.5,0.75],"values":[-6.605121656395925,-3.059784529355819,-5.445244003820157,2.69015907650683,1.345079538253415,2.0176193073801225,-3.059784529355819,-61.51085837571947,-6.335905246109752,0.021267204618874148,0.010633602309437074,0.015950403464155452,-5.445244003820157,-6.335905246109752,-9.70268468660358,0.20628621983726952,0.10314310991863476,0.15471466487795205,2.69015907650683,0.021267204618874148,0.20628621983726952,-9.74908170129504,-0.05940300930781382,-0.08910451396172075,1.345079538253415,0.010633602309437074,0.10314310991863476,-0.05940300930781382,-9.65997718733332,-0.04455225698086038,2.0176193073801225,0.015950403464155452,0.15471466487795205,-0.08910451396172075,-0.04455225698086038,-9.697104068150704]},{"atoms":["H","F"],"basis":"sto-6g","numCols":6,"numRows":6,"positions":[0.0,0.0,0.0,1.0,0.5,0.75],"values":[-7.27581671230637,-3.2265941873850963,-6.027458580695193,2.8085138601604784,1.4042569300802392,2.1063853951203586,-3.2265941873850963,-78.03384840606702,-8.0363308297658,0.017393968077114838,0.008696984038557419,0.013045476057837317,-6.027458580695193,-8.0363308297658,-12.195408562770352,0.1995142301498396,0.0997571150749198,0.14963567261238028,2.8085138601604784,0.017393968077114838,0.1995142301498396,-12.2386186031304,-0.05520191732313001,-0.08280287598469503,1.4042569300802392,0.008696984038557419,0.0997571150749198,-0.05520191732313001,-12.155815727145704,-0.041401437992347516,2.1063853951203586,0.013045476057837317,0.14963567261238028,-0.08280287598469503,-0.041401437992347516,-12.190316925472661]},{"atoms":["H","Ne"],"basis":"sto-6g","numCols":6,"numRows":6,"positions":[0.0,0.0,0.0,1.0,0.5,0.75],"values":[-7.946511768216816,-3.375936945793196,-6.53134879573413,2.8549383810280884,1.4274691905140442,2.1412037857710664,-3.375936945793196,-96.57726054793548,-10.117529965607279,0.015590435357409668,0.007795217678704834,0.01169282651805512,-6.53134879573413,-10.117529965607279,-15.130673202427367,0.18838409338814513,0.09419204669407256,0.1412880700411098,2.8549383810280884,0.015590435357409668,0.18838409338814513,-15.169578844500398,-0.0493197984276585,-0.07397969764148773,1.4274691905140442,0.007795217678704834,0.09419204669407256,-0.0493197984276585,-15.09559914685891,-0.03698984882074387,2.1412037857710664,0.01169282651805512,0.1412880700411098,-0.07397969764148773,-0.03698984882074387,-15.126424020876197]},{"atoms":["H","Na"],"basis":"sto-6g","numCols":10,"numRows":10,"positions":[0.0,0.0,0.0,1.0,0.5,0.75],"values":[-8.617206824127262,-3.5343851289883164,-6.821775655200707,2.6680692019361985,1.3340346009680992,2.0010519014521493,-5.63986613647506,3.3062998049863888,1.6531499024931944,2.479724853739792,-3.5343851289883164,-116.75121954091378,-14.43028637233917,0.014912386103206776,0.007456193051603388,0.011184289577404583,-0.6058125963837837,0.0015375206933841055,0.0007687603466920527,0.0011531405200378804,-6.821775655200707,-14.43028637233917,-19.879625335418684,0.16560178977495885,0.08280089488747942,0.12420134233122238,-5.580546372316267,0.09786300887003503,0.048931504435017516,0.07339725665252643,2.6680692019361985,0.014912386103206776,0.16560178977495885,-19.904196325042328,-0.038481772915972344,-0.05772265937395855,0.09788759823521738,-5.607160523144079,-0.02884147554811996,-0.04326221332217994,1.3340346009680992,0.007456193051603388,0.08280089488747942,-0.038481772915972344,-19.84647366566837,-0.028861329686979274,0.04894379911760869,-0.02884147554811996,-5.563898309821899,-0.02163110666108997,2.0010519014521493,0.011184289577404583,0.12420134233122238,-0.05772265937395855,-0.028861329686979274,-19.870524773740854,0.07341569867641362,-0.04326221332217994,-0.02163110666108997,-5.581924232039474,-5.63986613647506,-0.6058125963837837,-5.580546372316267,0.09788759823521738,0.04894379911760869,0.07341569867641362,-6.951683410998254,0.16578864782066147,0.08289432391033073,0.12434148586549677,3.3062998049863888,0.0015375206933841055,0.09786300887003503,-5.607160523144079,-0.02884147554811996,-0.04326221332217994,0.16578864782066147,-6.9903754986830835,-0.04878270646076043,-0.07317405969114064,1.6531499024931944,0.0007687603466920527,0.048931504435017516,-0.02884147554811996,-5.563898309821899,-0.02163110666108997,0.08289432391033073,-0.04878270646076043,-6.917201438991943,-0.03658702984557032,2.479724853739792,0.0011531405200378804,0.07339725665252643,-0.04326221332217994,-0.02163110666108997,-5.581924232039474,0.12434148586549677,-0.07317405969114064,-0.03658702984557032,-6.947690630529918]},{"atoms":["H","Mg"],"basis":"sto-6g","numCols":10,"numRows":10,"positions":[0.0,0.0,0.0,1.0,0.5,0.75],"values":[-9.287901880037708,-3.6848419149114853,-7.135535127681068,2.580702093117573,1.2903510465587864,1.935526569838179,-5.964403302117361,3.4983978885852105,1.7491989442926053,2.623798416438909,-3.6848419149114853,-139.11330192656442,-17.94153877092444,0.014104431447383855,0.007052215723691927,0.01057832358554056,-0.5123826015714988,0.0010268196960536316,0.0005134098480268158,0.0007701147720403684,-7.135535127681068,-17.94153877092444,-24.163399818882716,0.1499739040905603,0.07498695204528015,0.11248042806792087,-5.154880017261552,0.07702512874911165,0.03851256437455582,0.05776884656183369,2.580702093117573,0.014104431447383855,0.1499739040905603,-24.151529609745985,-0.03197063122955457,-0.047955946844331854,0.07722139915575987,-5.179638053716627,-0.022264496903349355,-0.03339674535502402,1.2903510465587864,0.007052215723691927,0.07498695204528015,-0.03197063122955457,-24.103573662901653,-0.023977973422165927,0.03861069957787994,-0.022264496903349355,-5.146241308361603,-0.01669837267751201,1.935526569838179,0.01057832358554056,0.11248042806792087,-0.047955946844331854,-0.023977973422165927,-24.123555307420126,0.05791604936682026,-0.03339674535502402,-0.01669837267751201,-5.160156618926196,-5.964403302117361,-0.5123826015714988,-5.154880017261552,0.07722139915575987,0.03861069957787994,0.05791604936682026,-7.323727519837786,0.1604647763539152,0.0802323881769576,0.12034858226543667,3.4983978885852105,0.0010268196960536316,0.07702512874911165,-5.179638053716627,-0.022264496903349355,-0.03339674535502402,0.1604647763539152,-7.3608525288074,-0.046815668782868934,-0.07022350317430341,1.7491989442926053,0.0005134098480268158,0.03851256437455582,-0.022264496903349355,-5.146241308361603,-0.01669837267751201,0.0802323881769576,-0.046815668782868934,-7.290629025633097,-0.035111751587151706,2.623798416438909,0.0007701147720403684,0.05776884656183369,-0.03339674535502402,-0.01669837267751201,-5.160156618926196,0.12034858226543667,-0.07022350317430341,-0.035111751587151706,-7.319888818622389]},{"atoms":["H","Al"],"basis":"sto-6g","numCols":10,"numRows":10,"positions":[0.0,0.0,0.0,1.0,0.5,0.75],"values":[-9.958596935948153,-3.831253038457009,-7.38754281883183,2.4588025416852806,1.2294012708426403,1.8441019062639605,-6.411558674798073,3.7472399785167445,1.8736199892583723,2.8104299838875595,-3.831253038457009,-163.23483878427243,-22.19807200069747,0.011004683987384814,0.005502341993692407,0.008253512990546195,-0.4765638940857595,0.0008484116646666791,0.00042420583233333955,0.0006363087485004166,-7.38754281883183,-22.19807200069747,-29.108050091082838,0.1352851901868399,0.06764259509341995,0.10146389264013406,-4.94127572976795,0.06175738427472013,0.030878692137360064,0.04631803820603941,2.4588025416852806,0.011004683987384814,0.1352851901868399,-29.087518521773518,-0.026229151852462114,-0.039343727778693195,0.061756060206160326,-4.960858859096721,-0.017332710836853275,-0.02599906625527992,1.2294012708426403,0.005502341993692407,0.06764259509341995,-0.026229151852462114,-29.048174793994825,-0.019671863889346598,0.030878030103080163,-0.017332710836853275,-4.934859792841441,-0.01299953312763996,1.8441019062639605,0.008253512990546195,0.10146389264013406,-0.039343727778693195,-0.019671863889346598,-29.064568013902612,0.0463170451546193,-0.02599906625527992,-0.01299953312763996,-4.945692737114474,-6.411558674798073,-0.4765638940857595,-4.94127572976795,0.061756060206160326,0.030878030103080163,0.0463170451546193,-7.890393891811111,0.1604647763539152,0.0802323881769576,0.12034858226543668,3.7472399785167445,0.0008484116646666791,0.06175738427472013,-4.960858859096721,-0.017332710836853275,-0.02599906625527992,0.1604647763539152,-7.927522350880821,-0.046815668782868934,-0.07022350317430341,1.8736199892583723,0.00042420583233333955,0.030878692137360064,-0.017332710836853275,-4.934859792841441,-0.01299953312763996,0.0802323881769576,-0.046815668782868934,-7.8572988477065175,-0.035111751587151706,2.8104299838875595,0.0006363087485004166,0.04631803820603941,-0.02599906625527992,-0.01299953312763996,-4.945692737114474,0.12034858226543668,-0.07022350317430341,-0.035111751587151706,-7.88655864069581]},{"atoms":["H","Si"],"basis":"sto-6g","numCols":10,"numRows":10,"positions":[0.0,0.0,0.0,1.0,0.5,0.75],"values":[-10.629291991858599,-3.972510167949759,-7.6058600673150885,2.3339232340394793,1.1669616170197397,1.7504424255296085,-7.011777317644364,4.065760283474659,2.0328801417373294,3.049320212605995,-3.972510167949759,-189.36558875700504,-26.927346948143,0.0074602178260911485,0.0037301089130455743,0.005595163369575808,-0.48292417877668453,0.000699380989453907,0.0003496904947269535,0.0005245357420903367,-7.6058600673150885,-26.927346948143,-34.57883397715487,0.12257035689300538,0.06128517844650269,0.09192776766975096,-5.010300989120572,0.05178666204315339,0.025893331021576694,0.038839996532364994,2.3339232340394793,0.0074602178260911485,0.12257035689300538,-34.55378162902648,-0.02162690734369721,-0.032440361015545795,0.05179442222126386,-5.028902836382832,-0.013988833436816886,-0.020983250155225328,1.1669616170197397,0.0037301089130455743,0.06128517844650269,-0.02162690734369721,-34.521341268010936,-0.016220180507772897,0.02589721111063193,-0.013988833436816886,-5.007919586227606,-0.010491625077612664,1.7504424255296085,0.005595163369575808,0.09192776766975096,-0.032440361015545795,-0.016220180507772897,-34.534858085100744,0.038845816665947205,-0.020983250155225328,-0.010491625077612664,-5.016662607125617,-7.011777317644364,-0.48292417877668453,-5.010300989120572,0.05179442222126386,0.02589721111063193,0.038845816665947205,-8.701682501162015,0.16578864782066147,0.08289432391033073,0.12434148586549694,4.065760283474659,0.000699380989453907,0.05178666204315339,-5.028902836382832,-0.013988833436816886,-0.020983250155225328,0.16578864782066147,-8.740385243508243,-0.04878270646076043,-0.07317405969114064,2.0328801417373294,0.0003496904947269535,0.025893331021576694,-0.013988833436816886,-5.007919586227606,-0.010491625077612664,0.08289432391033073,-0.04878270646076043,-8.667211183817102,-0.03658702984557032,3.049320212605995,0.0005245357420903367,0.038839996532364994,-0.020983250155225328,-0.010491625077612664,-5.016662607125617,0.12434148586549694,-0.07317405969114064,-0.03658702984557032,-8.697700375355078]},{"atoms":["H","P"],"basis":"sto-6g","numCols":10,"numRows":10,"positions":[0.0,0.0,0.0,1.0,0.5,0.75],"values":[-11.299987047769044,-4.096649178539878,-7.801251962384239,2.2118263491907837,1.1059131745953918,1.6588697618930868,-7.904808008300022,4.50293069696075,2.251465348480375,3.3771980227205622,-4.096649178539878,-217.43565225303706,-32.165072896520805,0.005605036742333686,0.002802518371166843,0.004203777556759071,-0.5700571565579922,0.00037863330017021455,0.00018931665008510727,0.00028397497512766605,-7.801251962384239,-32.165072896520805,-40.59314321806542,0.11189630619883904,0.05594815309941952,0.0839222296491262,-5.7123538804920795,0.04778665470042115,0.023893327350210575,0.03583999102531464,2.2118263491907837,0.005605036742333686,0.11189630619883904,-40.54289563345902,-0.01783998554463724,-0.026759978316955847,0.04779574874541502,-5.73093269567578,-0.012256354287719116,-0.018384531431578664,1.1059131745953918,0.002802518371166843,0.05594815309941952,-0.01783998554463724,-40.51613565514206,-0.013379989158477924,0.02389787437270751,-0.012256354287719116,-5.712548164244202,-0.009192265715789332,1.6588697618930868,0.004203777556759071,0.0839222296491262,-0.026759978316955847,-0.013379989158477924,-40.52728564610746,0.035846811559061116,-0.018384531431578664,-0.009192265715789332,-5.7202083856740265,-7.904808008300022,-0.5700571565579922,-5.7123538804920795,0.04779574874541502,0.02389787437270751,0.035846811559061116,-10.066518887280742,0.1803333095248257,0.09016665476241285,0.1352499821436192,4.50293069696075,0.00037863330017021455,0.04778665470042115,-5.73093269567578,-0.012256354287719116,-0.018384531431578664,0.1803333095248257,-10.109536311590537,-0.05415432558543395,-0.08123148837815096,2.251465348480375,0.00018931665008510727,0.023893327350210575,-0.012256354287719116,-5.712548164244202,-0.009192265715789332,0.09016665476241285,-0.05415432558543395,-10.028304823212386,-0.04061574418907548,3.3771980227205622,0.00028397497512766605,0.03583999102531464,-0.018384531431578664,-0.009192265715789332,-5.7202083856740265,0.1352499821436192,-0.08123148837815096,-0.04061574418907548,-10.062151276703283]},{"atoms":["H","S"],"basis":"sto-6g","numCols":10,"numRows":10,"positions":[0.0,0.0,0.0,1.0,0.5,0.75],"values":[-11.97068210367949,-4.229505719913546,-7.986180124825689,2.1004664651011753,1.0502332325505876,1.5753498488258824,-8.77242932048407,4.906399791294497,2.4531998956472485,3.679799843470872,-4.229505719913546,-247.44502926849114,-37.962543422049194,0.00420615174858688,0.00210307587429344,0.003154613811452846,-0.6700077154056874,0.0003657504384348654,0.0001828752192174327,0.00027431282882620274,-7.986180124825689,-37.962543422049194,-47.08794127710039,0.10261296669625371,0.051306483348126854,0.07695972502219411,-6.463699827697229,0.044017971776659295,0.022008985888329648,0.03301347883249415,2.1004664651011753,0.00420615174858688,0.10261296669625371,-47.03518878245611,-0.015030617208136483,-0.022545925812204725,0.04412055584028793,-6.48347536960629,-0.01068849211345184,-0.016032738170177762,1.0502332325505876,0.00210307587429344,0.051306483348126854,-0.015030617208136483,-47.01264285664391,-0.011272962906102362,0.022060277920143964,-0.01068849211345184,-6.467442631436112,-0.008016369085088881,1.5753498488258824,0.003154613811452846,0.07695972502219411,-0.022545925812204725,-0.011272962906102362,-47.02203699239899,0.03309041688021531,-0.016032738170177762,-0.008016369085088881,-6.474122939007019,-8.77242932048407,-0.6700077154056874,-6.463699827697229,0.04412055584028793,0.022060277920143964,0.03309041688021531,-11.527805733996313,0.19258708982966619,0.09629354491483309,0.14444031737224963,4.906399791294497,0.0003657504384348654,0.044017971776659295,-6.48347536960629,-0.01068849211345184,-0.016032738170177762,0.19258708982966619,-11.57446131833347,-0.05862920901633204,-0.08794381352449808,2.4531998956472485,0.0001828752192174327,0.022008985888329648,-0.01068849211345184,-6.467442631436112,-0.008016369085088881,0.09629354491483309,-0.05862920901633204,-11.48651750480897,-0.04397190676224904,3.679799843470872,0.00027431282882620274,0.03301347883249415,-0.016032738170177762,-0.008016369085088881,-6.474122939007019,0.14444031737224963,-0.08794381352449808,-0.04397190676224904,-11.52316076044418]},{"atoms":["H","Cl"],"basis":"sto-6g","numCols":10,"numRows":10,"positions":[0.0,0.0,0.0,1.0,0.5,0.75],"values":[-12.641377159589936,-4.360321328483153,-8.170192263115966,2.0042713518264783,1.0021356759132392,1.5032035138698596,-9.397704483514426,5.2154803660976485,2.6077401830488243,3.911610274573236,-4.360321328483153,-279.21116235902747,-44.123031845735454,0.0040393291379419,0.00201966456897095,0.0030294968534384263,-0.6796744756751788,0.0003122763445015092,0.0001561381722507546,0.0002342072583759906,-8.170192263115966,-44.123031845735454,-53.988226231763115,0.09311083217537432,0.04655541608768716,0.06983312413152426,-6.56569289248889,0.0375645285627518,0.0187822642813759,0.02817339642206404,2.0042713518264783,0.0040393291379419,0.09311083217537432,-53.84056295369136,-0.012317663792720384,-0.018476495689080566,0.03768582331629267,-6.585859840452683,-0.00870328325395902,-0.013054924880938533,1.0021356759132392,0.00201966456897095,0.04655541608768716,-0.012317663792720384,-53.82208645800228,-0.009238247844540283,0.018842911658146336,-0.00870328325395902,-6.572804915571744,-0.0065274624404692665,1.5032035138698596,0.0030294968534384263,0.06983312413152426,-0.018476495689080566,-0.009238247844540283,-53.82978499787273,0.02826436748721862,-0.013054924880938533,-0.0065274624404692665,-6.578244467605469,-9.397704483514426,-0.6796744756751788,-6.56569289248889,0.03768582331629267,0.018842911658146336,0.02826436748721862,-12.503013313090365,0.19614560959572394,0.09807280479786197,0.14710920719679269,5.2154803660976485,0.0003122763445015092,0.0375645285627518,-6.585859840452683,-0.00870328325395902,-0.013054924880938533,0.19614560959572394,-12.550723926600138,-0.059907312386875966,-0.08986096858031392,2.6077401830488243,0.0001561381722507546,0.0187822642813759,-0.00870328325395902,-6.572804915571744,-0.0065274624404692665,0.09807280479786197,-0.059907312386875966,-12.460862958019824,-0.04493048429015696,3.911610274573236,0.0002342072583759906,0.02817339642206404,-0.013054924880938533,-0.0065274624404692665,-6.578244467605469,0.14710920719679269,-0.08986096858031392,-0.04493048429015696,-12.498305028261623]},{"atoms":["H","Ar"],"basis":"sto-6g","numCols":10,"numRows":10,"positions":[0.0,0.0,0.0,1.0,0.5,0.75],"values":[-13.31207221550038,-4.486048519760611,-8.34266634216735,1.9131610185551138,0.9565805092775569,1.4348707639163345,-10.380140504652838,5.60101199252987,2.800505996264935,4.200758994397402,-4.486048519760611,-313.0891698939308,-50.84183920772081,0.0038825512312882123,0.0019412756156441061,0.0029119134234742903,-0.8740632251955867,0.0003770295597500979,0.00018851477987504896,0.00028277216981251744,-8.34266634216735,-50.84183920772081,-61.45533681027656,0.08267909414254808,0.04133954707127404,0.06200932060691424,-7.977123276709595,0.0370985901141732,0.0185492950570866,0.027823942585628092,1.9131610185551138,0.0038825512312882123,0.08267909414254808,-61.24340868915075,-0.010315737064303328,-0.015473605596454994,0.03770417326875622,-7.999814348061952,-0.00805640529405573,-0.01208460794108359,0.9565805092775569,0.0019412756156441061,0.04133954707127404,-0.010315737064303328,-61.22793508355429,-0.007736802798227497,0.01885208663437811,-0.00805640529405573,-7.9877297401208684,-0.006042303970541795,1.4348707639163345,0.0029119134234742903,0.06200932060691424,-0.015473605596454994,-0.007736802798227497,-61.234382419219486,0.028278129951567553,-0.01208460794108359,-0.006042303970541795,-7.992764993429653,-10.380140504652838,-0.8740632251955867,-7.977123276709595,0.03770417326875622,0.01885208663437811,0.028278129951567553,-14.617473458495816,0.209150091517651,0.1045750457588255,0.15686256863823816,5.60101199252987,0.0003770295597500979,0.0370985901141732,-7.999814348061952,-0.00805640529405573,-0.01208460794108359,0.209150091517651,-14.668978764829355,-0.06438391947786992,-0.09657587921680487,2.800505996264935,0.00018851477987504896,0.0185492950570866,-0.00805640529405573,-7.9877297401208684,-0.006042303970541795,0.1045750457588255,-0.06438391947786992,-14.57240288561255,-0.048287939608402435,4.200758994397402,0.00028277216981251744,0.027823942585628092,-0.01208460794108359,-0.006042303970541795,-7.992764993429653,0.15686256863823816,-0.09657587921680487,-0.048287939608402435,-14.612642835286218]},{"atoms":["H","K"],"basis":"sto-6g","numCols":14,"numRows":14,"positions":[0.0,0.0,0.0,1.0,0.5,0.75],"values":[-13.982767271410827,-4.5785703180239326,-8.48953710205785,1.8158199711547987,0.9079099855773993,1.361864978366098,-11.439484683951363,5.854389702821116,2.927194851410558,4.390792277115835,-5.183958842152889,3.215591142219103,1.6077955711095515,2.411693356664327,-4.5785703180239326,-353.4648773380386,-58.04208262236509,0.0015243397939240688,0.0007621698969620344,0.0011432548454334865,-1.3148341958184036,0.0004462010898142783,0.00022310054490713916,0.0003346508173597725,0.024422006814444293,8.626509556693523e-06,4.313254778346762e-06,6.469882167537611e-06,-8.48953710205785,-58.04208262236509,-69.7694437318749,0.07571138570290624,0.03785569285145312,0.056783539277167436,-11.031333793053898,0.04044473251529575,0.020222366257647874,0.03033354938646946,-0.487199912506237,0.003252531928436852,0.001626265964218426,0.002439398946327573,1.8158199711547987,0.0015243397939240688,0.07571138570290624,-69.54693929968762,-0.008854849464383982,-0.013282274196575964,0.04003461219225896,-11.045549040603468,-0.007981234894380669,-0.011971852341571,0.003285976556863745,-0.5079977057846005,-0.0008246102156274727,-0.0012369153234412086,0.9079099855773993,0.0007621698969620344,0.03785569285145312,-0.008854849464383982,-69.53365702549104,-0.006641137098287982,0.02001730609612948,-0.007981234894380669,-11.033577188261898,-0.0059859261707855,0.0016429882784318726,-0.0008246102156274727,-0.5067607904611593,-0.0006184576617206043,1.361864978366098,0.0011432548454334865,0.056783539277167436,-0.013282274196575964,-0.006641137098287982,-69.53919130640628,0.030025959144195535,-0.011971852341571,-0.0059859261707855,-11.038565460070886,0.002464482417645388,-0.0012369153234412086,-0.0006184576617206043,-0.5072761718459264,-11.439484683951363,-1.3148341958184036,-11.031333793053898,0.04003461219225896,0.02001730609612948,0.030025959144195535,-18.099189791088875,0.21996400243751113,0.10998200121875557,0.16497300182813454,-5.271517901875212,0.07739941807938942,0.03869970903969471,0.05804956355954221,5.854389702821116,0.0004462010898142783,0.04044473251529575,-11.045549040603468,-0.007981234894380669,-0.011971852341571,0.21996400243751113,-18.15347149711661,-0.06705116646244255,-0.10057674969366383,0.07740257526386696,-5.289982278597268,-0.023138246483728444,-0.03470736972559267,2.927194851410558,0.00022310054490713916,0.020222366257647874,-0.007981234894380669,-11.033577188261898,-0.0059859261707855,0.10998200121875557,-0.06705116646244255,-18.052894747422943,-0.050288374846831914,0.03870128763193348,-0.023138246483728444,-5.255274908871675,-0.017353684862796336,4.390792277115835,0.0003346508173597725,0.03033354938646946,-0.011971852341571,-0.0059859261707855,-11.038565460070886,0.16497300182813454,-0.10057674969366383,-0.050288374846831914,-18.09480172646197,0.05805193144790016,-0.03470736972559267,-0.017353684862796336,-5.269736312924005,-5.183958842152889,0.024422006814444293,-0.487199912506237,0.003285976556863745,0.0016429882784318726,0.002464482417645388,-5.271517901875212,0.07740257526386696,0.03870128763193348,0.05805193144790016,-7.147546640356437,0.08097513107192635,0.04048756553596317,0.06073134830394482,3.215591142219103,8.626509556693523e-06,0.003252531928436852,-0.5079977057846005,-0.0008246102156274727,-0.0012369153234412086,0.07739941807938942,-5.289982278597268,-0.023138246483728444,-0.03470736972559267,0.08097513107192635,-7.1621455091163595,-0.01846778237886731,-0.02770167356830095,1.6077955711095515,4.313254778346762e-06,0.001626265964218426,-0.0008246102156274727,-0.5067607904611593,-0.0006184576617206043,0.03869970903969471,-0.023138246483728444,-5.255274908871675,-0.017353684862796336,0.04048756553596317,-0.01846778237886731,-7.134443835548058,-0.013850836784150476,2.411693356664327,6.469882167537611e-06,0.002439398946327573,-0.0012369153234412086,-0.0006184576617206043,-0.5072761718459264,0.05804956355954221,-0.03470736972559267,-0.017353684862796336,-5.269736312924005,0.06073134830394482,-0.02770167356830095,-0.013850836784150476,-7.145986199534851]},{"atoms":["H","Ca"],"basis":"sto-6g","numCols":14,"numRows":14,"positions":[0.0,0.0,0.0,1.0,0.5,0.75],"values":[-14.653462327321272,-4.698468068586519,-8.65563453909812,1.7431032121719012,0.8715516060859506,1.3073274091289262,-12.153115509674596,6.004437668117292,3.002218834058646,4.503328251087969,-5.025878584196676,3.1241916048944973,1.5620958024472487,2.3431437036708735,-4.698468068586519,-391.46142696106824,-65.68939356075713,0.0014787830481313082,0.0007393915240656541,0.0011090872860639507,-1.638014017339078,0.0005293574215225399,0.00026467871076126995,0.0003970180661424937,0.027614399342284667,5.625152872497999e-06,2.8125764362489994e-06,4.218864654289783e-06,-8.65563453909812,-65.68939356075713,-78.19928487429655,0.07098005770529557,0.035490028852647786,0.05323504327896719,-13.061038131929088,0.0397887794111962,0.0198943897055981,0.02984158455839663,-0.35688394650421085,0.00211811608240567,0.001059058041202835,0.0015885870618042395,1.7431032121719012,0.0014787830481313082,0.07098005770529557,-77.97586290322027,-0.007787383230306706,-0.011681074845460057,0.039259146645453026,-13.07406927419393,-0.007319986354192303,-0.010979979531288452,0.0021460496389644704,-0.380816367886596,-0.0005201046109467263,-0.0007801569164200896,0.8715516060859506,0.0007393915240656541,0.035490028852647786,-0.007787383230306706,-77.96418182837482,-0.005840537422730029,0.019629573322726513,-0.007319986354192303,-13.06308929466264,-0.005489989765644226,0.0010730248194822352,-0.0005201046109467263,-0.3800362109701759,-0.0003900784582100448,1.3073274091289262,0.0011090872860639507,0.05323504327896719,-0.011681074845460057,-0.005840537422730029,-77.96904894289376,0.02944435998409079,-0.010979979531288452,-0.005489989765644226,-13.067664286134011,0.0016095372292241027,-0.0007801569164200896,-0.0003900784582100448,-0.38036127635201766,-12.153115509674596,-1.638014017339078,-13.061038131929088,0.039259146645453026,0.019629573322726513,0.02944435998409079,-20.767125785503346,0.21995715923502296,0.10997857961751148,0.1649678694262667,-4.436461000875812,0.062187632899983115,0.031093816449991558,0.04664072467498763,6.004437668117292,0.0005293574215225399,0.0397887794111962,-13.07406927419393,-0.007319986354192303,-0.010979979531288452,0.21995715923502296,-20.821473833406984,-0.06585357013261303,-0.09878035519891952,0.062190446625209186,-4.4517004464230965,-0.0188117019186572,-0.0282175528779858,3.002218834058646,0.00026467871076126995,0.0198943897055981,-0.007319986354192303,-13.06308929466264,-0.005489989765644226,0.10997857961751148,-0.06585357013261303,-20.722693478208065,-0.04939017759945976,0.031095223312604593,-0.0188117019186572,-4.423482893545111,-0.0141087764389929,4.503328251087969,0.0003970180661424937,0.02984158455839663,-0.010979979531288452,-0.005489989765644226,-13.067664286134011,0.1649678694262667,-0.09878035519891952,-0.04939017759945976,-20.763851959540947,0.04664283496890829,-0.0282175528779858,-0.0141087764389929,-4.435240207244271,-5.025878584196676,0.027614399342284667,-0.35688394650421085,0.0021460496389644704,0.0010730248194822352,0.0016095372292241027,-4.436461000875812,0.062190446625209186,0.031095223312604593,0.04664283496890829,-7.13820946650087,0.07382737394145035,0.036913686970725175,0.0553705304560878,3.1241916048944973,5.625152872497999e-06,0.00211811608240567,-0.380816367886596,-0.0005201046109467263,-0.0007801569164200896,0.062187632899983115,-4.4517004464230965,-0.0188117019186572,-0.0282175528779858,0.07382737394145035,-7.151022422016076,-0.016208231071990233,-0.02431234660798535,1.5620958024472487,2.8125764362489994e-06,0.001059058041202835,-0.0005201046109467263,-0.3800362109701759,-0.0003900784582100448,0.031093816449991558,-0.0188117019186572,-4.423482893545111,-0.0141087764389929,0.036913686970725175,-0.016208231071990233,-7.1267100754080905,-0.012156173303992676,2.3431437036708735,4.218864654289783e-06,0.0015885870618042395,-0.0007801569164200896,-0.0003900784582100448,-0.38036127635201766,0.04664072467498763,-0.0282175528779858,-0.0141087764389929,-4.435240207244271,0.0553705304560878,-0.02431234660798535,-0.012156173303992676,-7.136840219828084]},{"atoms":["He","H"],"basis":"sto-6g","numCols":2,"numRows":2,"positions":[0.0,0.0,0.0,1.0,0.5,0.75],"values":[-4.095638669567872,-1.821558571553168,-1.821558571553168,-2.5838167523421216]},{"atoms":["He","He"],"basis":"sto-6g","numCols":2,"numRows":2,"positions":[0.0,0.0,0.0,1.0,0.5,0.75],"values":[-4.812473398359373,-2.2782786556364325,-2.2782786556364325,-4.812473398359373]},{"atoms":["He","Li"],"basis":"sto-6g","numCols":6,"numRows":6,"positions":[0.0,0.0,0.0,1.0,0.5,0.75],"values":[-5.52722275720703,-2.3268090712938148,-1.6180850987358304,1.3581725971040353,0.6790862985520176,1.0186294478280264,-2.3268090712938148,-9.503202753171063,-1.1554614024337693,0.09338936246337923,0.046694681231689614,0.07004202184753437,-1.6180850987358304,-1.1554614024337693,-1.9631286574363598,0.1901284966689485,0.09506424833447424,0.14259637250171134,1.3581725971040353,0.09338936246337923,0.1901284966689485,-2.001191268031188,-0.04810308753972922,-0.07215463130959385,0.6790862985520176,0.046694681231689614,0.09506424833447424,-0.04810308753972922,-1.929036636721594,-0.036077315654796924,1.0186294478280264,0.07004202184753437,0.14259637250171134,-0.07215463130959385,-0.036077315654796924,-1.959101066433925]},{"atoms":["He","Be"],"basis":"sto-6g","numCols":6,"numRows":6,"positions":[0.0,0.0,0.0,1.0,0.5,0.75],"values":[-6.243362362683915,-2.3498695769908506,-2.708698845070507,2.172169898888871,1.0860849494444356,1.6291274241666533,-2.3498695769908506,-16.09677353505176,-2.022221883650351,0.09060599304653714,0.04530299652326857,0.06795449478490291,-2.708698845070507,-2.022221883650351,-3.3183550553133676,0.30125736674239,0.150628683371195,0.22594302505679248,2.172169898888871,0.09060599304653714,0.30125736674239,-3.386687285052277,-0.086060946965642,-0.12909142044846297,1.0860849494444356,0.04530299652326857,0.150628683371195,-0.086060946965642,-3.2575958646038146,-0.06454571022423149,1.6291274241666533,0.06795449478490291,0.22594302505679248,-0.12909142044846297,-0.06454571022423149,-3.3113839564573406]},{"atoms":["He","B"],"basis":"sto-6g","numCols":6,"numRows":6,"positions":[0.0,0.0,0.0,1.0,0.5,0.75],"values":[-6.959501968160801,-2.41628338024363,-3.6755864104743363,2.802718517768277,1.4013592588841386,2.102038888326208,-2.41628338024363,-24.62095069239701,-3.1460666806169146,0.07892187640811618,0.03946093820405809,0.059191407306087254,-3.6755864104743363,-3.1460666806169146,-4.9510895000567965,0.37564844667936065,0.18782422333968032,0.28173633500952067,2.802718517768277,0.07892187640811618,0.37564844667936065,-5.0406916177172265,-0.11187761022361066,-0.16781641533541605,1.4013592588841386,0.03946093820405809,0.18782422333968032,-0.11187761022361066,-4.87287520238181,-0.08390820766770803,2.102038888326208,0.059191407306087254,0.28173633500952067,-0.16781641533541605,-0.08390820766770803,-4.942798708771567]},{"atoms":["He","C"],"basis":"sto-6g","numCols":6,"numRows":6,"positions":[0.0,0.0,0.0,1.0,0.5,0.75],"values":[-7.675641573637686,-2.5103022487504836,-4.38288595619122,3.2114783881147018,1.6057391940573509,2.4086087910860265,-2.5103022487504836,-35.108385481675946,-3.9820469732151373,0.06103288231205177,0.030516441156025885,0.04577466173403871,-4.38288595619122,-3.9820469732151373,-6.441306922147687,0.40145879806595824,0.20072939903297912,0.3010940985494687,3.2114783881147018,0.06103288231205177,0.40145879806595824,-6.538728595293665,-0.11991353601219547,-0.1798703040182932,1.6057391940573509,0.030516441156025885,0.20072939903297912,-0.11991353601219547,-6.3588582912753715,-0.0899351520091466,2.4086087910860265,0.04577466173403871,0.3010940985494687,-0.1798703040182932,-0.0899351520091466,-6.433804251282993]},{"atoms":["He","N"],"basis":"sto-6g","numCols":6,"numRows":6,"positions":[0.0,0.0,0.0,1.0,0.5,0.75],"values":[-8.391781179114572,-2.628177973488735,-5.04407307911715,3.546421108135821,1.7732105540679104,2.659815831101866,-2.628177973488735,-47.568951807010926,-4.991455813068497,0.04958923565202663,0.024794617826013315,0.037191926739019956,-5.04407307911715,-4.991455813068497,-8.173799106700397,0.41363037577685996,0.20681518788842998,0.31022278183264557,3.546421108135821,0.04958923565202663,0.41363037577685996,-8.269104899700046,-0.12239000605767776,-0.18358500908651668,1.7732105540679104,0.024794617826013315,0.20681518788842998,-0.12239000605767776,-8.085519890613531,-0.09179250454325834,2.659815831101866,0.037191926739019956,0.31022278183264557,-0.18358500908651668,-0.09179250454325834,-8.162013644399579]},{"atoms":["He","O"],"basis":"sto-6g","numCols":6,"numRows":6,"positions":[0.0,0.0,0.0,1.0,0.5,0.75],"values":[-9.107920784591457,-2.7546316810632683,-5.648748228908853,3.774008071761159,1.8870040358805795,2.8305060538208693,-2.7546316810632683,-61.76340151824616,-6.520529118454865,0.042534409237748295,0.021267204618874148,0.031900806928311064,-5.648748228908853,-6.520529118454865,-10.405028592670387,0.41257243967453905,0.20628621983726952,0.30942932975590415,3.774008071761159,0.042534409237748295,0.41257243967453905,-10.498220827580894,-0.11880601861562765,-0.1782090279234415,1.8870040358805795,0.021267204618874148,0.20628621983726952,-0.11880601861562765,-10.320011799657452,-0.08910451396172075,2.8305060538208693,0.031900806928311064,0.30942932975590415,-0.1782090279234415,-0.08910451396172075,-10.394265561292219]},{"atoms":["He","F"],"basis":"sto-6g","numCols":6,"numRows":6,"positions":[0.0,0.0,0.0,1.0,0.5,0.75],"values":[-9.824060390068343,-2.882394904226188,-6.154277126055389,3.900171394407953,1.9500856972039764,2.9251285458059653,-2.882394904226188,-78.2452450980764,-8.206951495269877,0.034787936154229676,0.017393968077114838,0.026090952115673468,-6.154277126055389,-8.206951495269877,-12.915382630335273,0.3990284602996792,0.1995142301498396,0.29927134522476,3.900171394407953,0.034787936154229676,0.3990284602996792,-13.002310423017793,-0.11040383464626002,-0.16560575196939006,1.9500856972039764,0.017393968077114838,0.1995142301498396,-0.11040383464626002,-12.836704671048402,-0.08280287598469503,2.9251285458059653,0.026090952115673468,0.29927134522476,-0.16560575196939006,-0.08280287598469503,-12.905707067702314]},{"atoms":["He","Ne"],"basis":"sto-6g","numCols":6,"numRows":6,"positions":[0.0,0.0,0.0,1.0,0.5,0.75],"values":[-10.54019999554523,-2.9903751449956353,-6.564957446170886,3.9231014519693534,1.9615507259846767,2.9423260889770155,-2.9903751449956353,-96.78863355347251,-10.25855688112833,0.031180870714819335,0.015590435357409668,0.023385653036112335,-6.564957446170886,-10.25855688112833,-15.860801155928494,0.37676818677629026,0.18838409338814513,0.28257614008221865,3.9231014519693534,0.031180870714819335,0.37676818677629026,-15.93924956939785,-0.098639596855317,-0.14795939528297547,1.9615507259846767,0.015590435357409668,0.18838409338814513,-0.098639596855317,-15.791290174114875,-0.07397969764148773,2.9423260889770155,0.023385653036112335,0.28257614008221865,-0.14795939528297547,-0.07397969764148773,-15.852939922149448]},{"atoms":["He","Na"],"basis":"sto-6g","numCols":10,"numRows":10,"positions":[0.0,0.0,0.0,1.0,0.5,0.75],"values":[-11.256339601022114,-3.1202279230820618,-6.713406093215222,3.617864117145369,1.8089320585726845,2.713398087859027,-5.501060283742685,4.200950163672496,2.100475081836248,3.150712622754372,-3.1202279230820618,-116.83373851524449,-14.608427558571188,0.029824772206413552,0.014912386103206776,0.022368579154809692,-0.6172838810935998,0.003075041386768211,0.0015375206933841055,0.0023062810400759546,-6.713406093215222,-14.608427558571188,-20.61852594279378,0.3312035795499177,0.16560178977495885,0.24840268466244167,-5.900332048152909,0.19572601774007006,0.09786300887003503,0.14679451330505272,3.617864117145369,0.029824772206413552,0