{"results":[{"atoms":["H","H"],"basis":"sto-3g","numCols":2,"numRows":2,"positions":[0.0,0.0,0.0,1.0,0.5,0.75],"values":[-1.9011314487416522,-1.2472200754719327,-1.2472200754719327,-1.9011314487416522]},{"atoms":["H","He"],"basis":"sto-3g","numCols":2,"numRows":2,"positions":[0.0,0.0,0.0,1.0,0.5,0.75],"values":[-2.575649167096577,-1.8207598492635826,-1.8207598492635826,-4.062741404253368]},{"atoms":["H","Li"],"basis":"sto-3g","numCols":6,"numRows":6,"positions":[0.0,0.0,0.0,1.0,0.5,0.75],"values":[-3.2467175678686653,-2.1165176503884053,-1.4378811412402022,0.9293589523197707,0.46467947615988536,0.6970192142398279,-2.1165176503884053,-8.708526033349756,-1.1331126341802338,0.04627001507367904,0.02313500753683952,0.034702511305259455,-1.4378811412402022,-1.1331126341802338,-1.5874766950956718,0.09465002767737686,0.04732501383868843,0.0709875207580326,0.9293589523197707,0.04627001507367904,0.09465002767737686,-1.5980469898468954,-0.024200734825804746,-0.03630110223870712,0.46467947615988536,0.02313500753683952,0.04732501383868843,-0.024200734825804746,-1.5617458876081884,-0.01815055111935356,0.6970192142398279,0.034702511305259455,0.0709875207580326,-0.03630110223870712,-0.01815055111935356,-1.5768713468743163]},{"atoms":["H","Be"],"basis":"sto-3g","numCols":6,"numRows":6,"positions":[0.0,0.0,0.0,1.0,0.5,0.75],"values":[-3.9200855136959785,-2.3296237884687097,-2.4416803112160967,1.4830924502642917,0.7415462251321459,1.1123193376982188,-2.3296237884687097,-15.213118449569993,-2.0902957086250007,0.044614652479013694,0.022307326239506847,0.033460989359260125,-2.4416803112160967,-2.0902957086250007,-2.822292116621702,0.15033723759166503,0.07516861879583252,0.11275292819374888,1.4830924502642917,0.044614652479013694,0.15033723759166503,-2.8373477891474184,-0.042772123931431885,-0.06415818589714783,0.7415462251321459,0.022307326239506847,0.07516861879583252,-0.042772123931431885,-2.7731896032502705,-0.03207909294857392,1.1123193376982188,0.033460989359260125,0.11275292819374888,-0.06415818589714783,-0.03207909294857392,-2.7999221807074157]},{"atoms":["H","B"],"basis":"sto-3g","numCols":6,"numRows":6,"positions":[0.0,0.0,0.0,1.0,0.5,0.75],"values":[-4.593453459523291,-2.5162616918631526,-3.3691660085743695,1.924912016468464,0.962456008234232,1.4436840123513481,-2.5162616918631526,-23.770461567704082,-3.335133768042483,0.038155035930853017,0.019077517965426508,0.028616276948139924,-3.3691660085743695,-3.335133768042483,-4.372787764340837,0.1879147600593597,0.09395738002967985,0.14093607004451952,1.924912016468464,0.038155035930853017,0.1879147600593597,-4.386220273998366,-0.05571911144005606,-0.0835786671600841,0.962456008234232,0.019077517965426508,0.09395738002967985,-0.05571911144005606,-4.302641606838282,-0.04178933358004205,1.4436840123513481,0.028616276948139924,0.14093607004451952,-0.0835786671600841,-0.04178933358004205,-4.337466051488317]},{"atoms":["H","C"],"basis":"sto-3g","numCols":6,"numRows":6,"positions":[0.0,0.0,0.0,1.0,0.5,0.75],"values":[-5.266821405350604,-2.7052814114490373,-4.10246879279703,2.240819854142975,1.1204099270714876,1.680614890607231,-2.7052814114490373,-34.27537221197001,-4.37332819235717,0.02947156680452883,0.014735783402264415,0.022103675103396333,-4.10246879279703,-4.37332819235717,-5.831658533522243,0.20102612462832334,0.10051306231416167,0.15076959347124225,2.240819854142975,0.02947156680452883,0.20102612462832334,-5.838009510684239,-0.060048402458721034,-0.09007260368808154,1.1204099270714876,0.014735783402264415,0.10051306231416167,-0.060048402458721034,-5.7479369069961574,-0.04503630184404077,1.680614890607231,0.022103675103396333,0.15076959347124225,-0.09007260368808154,-0.04503630184404077,-5.7854671585328585]},{"atoms":["H","N"],"basis":"sto-3g","numCols":6,"numRows":6,"positions":[0.0,0.0,0.0,1.0,0.5,0.75],"values":[-5.940189351177917,-2.886040766405534,-4.804199679733081,2.5058466131249,1.25292330656245,1.8793849598436752,-2.886040766405534,-46.59516825378202,-5.604675082499611,0.023785358331048594,0.011892679165524297,0.01783901874828572,-4.804199679733081,-5.604675082499611,-7.537522522496548,0.20720724302449406,0.10360362151224703,0.15540543226837156,2.5058466131249,0.023785358331048594,0.20720724302449406,-7.532551393176406,-0.061522330078241566,-0.09228349511736236,1.25292330656245,0.011892679165524297,0.10360362151224703,-0.061522330078241566,-7.4402678980590435,-0.04614174755868118,1.8793849598436752,0.01783901874828572,0.15540543226837156,-0.09228349511736236,-0.04614174755868118,-7.478719354357945]},{"atoms":["H","O"],"basis":"sto-3g","numCols":6,"numRows":6,"positions":[0.0,0.0,0.0,1.0,0.5,0.75],"values":[-6.613557297005229,-3.061921095940305,-5.465744157308348,2.6908122138969217,1.3454061069484609,2.018109160422691,-3.061921095940305,-61.02738548516207,-7.355867220012095,0.020816902885645947,0.010408451442822974,0.015612677164234924,-5.465744157308348,-7.355867220012095,-9.752910674141235,0.20651632508079731,0.10325816254039866,0.154887243810597,2.6908122138969217,0.020816902885645947,0.20651632508079731,-9.729421904116593,-0.05970909359253736,-0.08956364038880603,1.3454061069484609,0.010408451442822974,0.10325816254039866,-0.05970909359253736,-9.639858263727787,-0.044781820194403014,2.018109160422691,0.015612677164234924,0.154887243810597,-0.08956364038880603,-0.044781820194403014,-9.677176447223124]},{"atoms":["H","F"],"basis":"sto-3g","numCols":6,"numRows":6,"positions":[0.0,0.0,0.0,1.0,0.5,0.75],"values":[-7.286925242832542,-3.230366206268443,-6.047766096788698,2.8070856767468135,1.4035428383734068,2.1053142575601096,-3.230366206268443,-77.15643471954841,-9.332665484997902,0.015514104509999108,0.007757052254999554,0.011635578382497083,-6.047766096788698,-9.332665484997902,-12.25999711308846,0.19949848587391222,0.09974924293695611,0.14962386440543393,2.8070856767468135,0.015514104509999108,0.19949848587391222,-12.212674250242156,-0.055275761557631156,-0.08291364233644671,1.4035428383734068,0.007757052254999554,0.09974924293695611,-0.055275761557631156,-12.129760607905709,-0.04145682116822336,2.1053142575601096,0.011635578382497083,0.14962386440543393,-0.08291364233644671,-0.04145682116822336,-12.16430795887923]},{"atoms":["H","Ne"],"basis":"sto-3g","numCols":6,"numRows":6,"positions":[0.0,0.0,0.0,1.0,0.5,0.75],"values":[-7.960293188659855,-3.376339307540814,-6.550653617929736,2.851425915065281,1.4257129575326406,2.1385694362989605,-3.376339307540814,-95.50617368574781,-11.72443771555381,0.013928819249730474,0.006964409624865237,0.01044661443729761,-6.550653617929736,-11.72443771555381,-15.214029836809399,0.18814535922507042,0.09407267961253521,0.14110901941880113,2.851425915065281,0.013928819249730474,0.18814535922507042,-15.137684745460701,-0.049188152497224934,-0.0737822287458374,1.4257129575326406,0.006964409624865237,0.09407267961253521,-0.049188152497224934,-15.063902516714865,-0.0368911143729187,2.1385694362989605,0.01044661443729761,0.14110901941880113,-0.0737822287458374,-0.0368911143729187,-15.09464511202563]},{"atoms":["H","Na"],"basis":"sto-3g","numCols":10,"numRows":10,"positions":[0.0,0.0,0.0,1.0,0.5,0.75],"values":[-8.633661134487168,-3.5369085756403553,-6.835702693095666,2.662823410372996,1.331411705186498,1.9971175577797484,-5.658854176337378,3.310477100057275,1.6552385500286375,2.4828578250429567,-3.5369085756403553,-115.59691913600736,-16.363237391728937,0.014234679306170596,0.007117339653085298,0.010676009479633094,-1.1361432996006837,0.0015188945335387345,0.0007594472667693672,0.0011391709001545508,-6.835702693095666,-16.363237391728937,-19.99225510638574,0.16519725007565375,0.08259862503782688,0.123897937556742,-5.622645282506701,0.09722710768232704,0.04861355384116352,0.07292033076174548,2.662823410372996,0.014234679306170596,0.16519725007565375,-19.868489782110462,-0.038374929222663334,-0.057562393833995015,0.09775564840079634,-5.7959023453989875,-0.028654310187588523,-0.04298146528138279,1.331411705186498,0.007117339653085298,0.08259862503782688,-0.038374929222663334,-19.810927388276465,-0.028781196916997508,0.04887782420039817,-0.028654310187588523,-5.752920880117604,-0.021490732640691394,1.9971175577797484,0.010676009479633094,0.123897937556742,-0.057562393833995015,-0.028781196916997508,-19.83491171904063,0.07331673630059854,-0.04298146528138279,-0.021490732640691394,-5.7708298239848475,-5.658854176337378,-1.1361432996006837,-5.622645282506701,0.09775564840079634,0.04887782420039817,0.07331673630059854,-6.95415301157254,0.16576957286831548,0.08288478643415774,0.12432717965123657,3.310477100057275,0.0015188945335387345,0.09722710768232704,-5.7959023453989875,-0.028654310187588523,-0.04298146528138279,0.16576957286831548,-7.002078305515878,-0.048547129113700946,-0.07282069367055143,1.6552385500286375,0.0007594472667693672,0.04861355384116352,-0.028654310187588523,-5.752920880117604,-0.021490732640691394,0.08288478643415774,-0.048547129113700946,-6.929257611845327,-0.03641034683527571,2.4828578250429567,0.0011391709001545508,0.07292033076174548,-0.04298146528138279,-0.021490732640691394,-5.7708298239848475,0.12432717965123657,-0.07282069367055143,-0.03641034683527571,-6.95959956754139]},{"atoms":["H","Mg"],"basis":"sto-3g","numCols":10,"numRows":10,"positions":[0.0,0.0,0.0,1.0,0.5,0.75],"values":[-9.30702908031448,-3.6892814192079983,-7.144953321159193,2.5744214858970196,1.2872107429485098,1.9308161144227645,-5.98532293868715,3.5027638906564773,1.7513819453282387,2.6270729179923578,-3.6892814192079983,-137.72542651168393,-20.250597600101635,0.013436327242424785,0.006718163621212392,0.010077245431807387,-1.082854857555177,0.0010545580527737798,0.0005272790263868899,0.000790918539580286,-7.144953321159193,-20.250597600101635,-24.279926338072215,0.1501348178896682,0.0750674089448341,0.11260111341725362,-5.223025653033325,0.07627916351712244,0.03813958175856122,0.057209372637842065,2.5744214858970196,0.013436327242424785,0.1501348178896682,-24.116385778727512,-0.03202666084797414,-0.04803999127196123,0.07711410408874886,-5.4259835754089005,-0.022265214176571742,-0.03339782126485762,1.2872107429485098,0.006718163621212392,0.0750674089448341,-0.03202666084797414,-24.068345787455552,-0.024019995635980614,0.03855705204437443,-0.022265214176571742,-5.392585754144044,-0.01669891063242881,1.9308161144227645,0.010077245431807387,0.11260111341725362,-0.04803999127196123,-0.024019995635980614,-24.088362450485537,0.05783557806656085,-0.03339782126485762,-0.01669891063242881,-5.4065015130044,-5.98532293868715,-1.082854857555177,-5.223025653033325,0.07711410408874886,0.03855705204437443,0.05783557806656085,-7.326291837292859,0.16040059359566666,0.08020029679783333,0.12030044519675079,3.5027638906564773,0.0010545580527737798,0.07627916351712244,-5.4259835754089005,-0.022265214176571742,-0.03339782126485762,0.16040059359566666,-7.373205807787586,-0.04654049290462949,-0.06981073935694425,1.7513819453282387,0.0005272790263868899,0.03813958175856122,-0.022265214176571742,-5.392585754144044,-0.01669891063242881,0.08020029679783333,-0.04654049290462949,-7.303395068430641,-0.034905369678472124,2.6270729179923578,0.000790918539580286,0.057209372637842065,-0.03339782126485762,-0.01669891063242881,-5.4065015130044,0.12030044519675079,-0.06981073935694425,-0.034905369678472124,-7.332482876496035]},{"atoms":["H","Al"],"basis":"sto-3g","numCols":10,"numRows":10,"positions":[0.0,0.0,0.0,1.0,0.5,0.75],"values":[-9.980397026141793,-3.8373888622995804,-7.390118797314129,2.450532855946804,1.225266427973402,1.8378996419601032,-6.434253073220255,3.752193336179956,1.876096668089978,2.8141450021349668,-3.8373888622995804,-161.51733056520868,-24.935134397754975,0.009453060650853088,0.004726530325426544,0.007089795488135567,-1.0948257496482814,0.0008037164147982746,0.0004018582073991373,0.0006027873110987095,-7.390118797314129,-24.935134397754975,-29.2423261742841,0.136257186824014,0.068128593412007,0.1021928901180105,-5.03868886082154,0.06079975081176025,0.030399875405880124,0.04559981310882014,2.450532855946804,0.009453060650853088,0.136257186824014,-29.02320977626966,-0.02624016796569786,-0.03936025194854679,0.061962612656621924,-5.266857946505726,-0.01746233397644178,-0.02619350096466267,1.225266427973402,0.004726530325426544,0.068128593412007,-0.02624016796569786,-28.983849524321112,-0.019680125974273394,0.030981306328310962,-0.01746233397644178,-5.240664445541063,-0.013096750482331335,1.8378996419601032,0.007089795488135567,0.1021928901180105,-0.03936025194854679,-0.019680125974273394,-29.000249629299674,0.046471959492464965,-0.02619350096466267,-0.013096750482331335,-5.25157840427634,-6.434253073220255,-1.0948257496482814,-5.03868886082154,0.061962612656621924,0.030981306328310962,0.046471959492464965,-7.893132010359602,0.16040059359566666,0.08020029679783333,0.12030044519675084,3.752193336179956,0.0008037164147982746,0.06079975081176025,-5.266857946505726,-0.01746233397644178,-0.02619350096466267,0.16040059359566666,-7.940974494035122,-0.04654049290462949,-0.06981073935694425,1.876096668089978,0.0004018582073991373,0.030399875405880124,-0.01746233397644178,-5.240664445541063,-0.013096750482331335,0.08020029679783333,-0.04654049290462949,-7.871163754678177,-0.034905369678472124,2.8141450021349668,0.0006027873110987095,0.04559981310882014,-0.02619350096466267,-0.013096750482331335,-5.25157840427634,0.12030044519675084,-0.06981073935694425,-0.034905369678472124,-7.900251562743571]},{"atoms":["H","Si"],"basis":"sto-3g","numCols":10,"numRows":10,"positions":[0.0,0.0,0.0,1.0,0.5,0.75],"values":[-10.653764971969107,-3.980160152556512,-7.603443519458516,2.3220479762075,1.16102398810375,1.7415359821556258,-7.036061010427669,4.0717659558231025,2.0358829779115513,3.0538244668673267,-3.980160152556512,-187.37513936050303,-30.148475978361144,0.009173680077986406,0.004586840038993203,0.006880260058490979,-1.1684701128344874,0.0006692943452875732,0.0003346471726437866,0.0005019707589658674,-7.603443519458516,-30.148475978361144,-34.74414970007717,0.12340075993387811,0.061700379966939056,0.09255056995041568,-5.142185811999013,0.050578123974803144,0.025289061987401572,0.03793359298110268,2.3220479762075,0.009173680077986406,0.12340075993387811,-34.47686604731937,-0.021670735917753047,-0.0325061038766296,0.051978461676286475,-5.394872979532315,-0.014138875188031065,-0.0212083127820466,1.16102398810375,0.004586840038993203,0.061700379966939056,-0.021670735917753047,-34.44435994344274,-0.0162530519383148,0.025989230838143237,-0.014138875188031065,-5.373664666750269,-0.0106041563910233,1.7415359821556258,0.006880260058490979,0.09255056995041568,-0.0325061038766296,-0.0162530519383148,-34.45790415339134,0.038983846257214044,-0.0212083127820466,-0.0106041563910233,-5.382501463742789,-7.036061010427669,-1.1684701128344874,-5.142185811999013,0.051978461676286475,0.025989230838143237,0.038983846257214044,-8.704688839986254,0.16576957286831548,0.08288478643415774,0.12432717965123657,4.0717659558231025,0.0006692943452875732,0.050578123974803144,-5.394872979532315,-0.014138875188031065,-0.0212083127820466,0.16576957286831548,-8.755481601059625,-0.048547129113700946,-0.07282069367055143,2.0358829779115513,0.0003346471726437866,0.025289061987401572,-0.014138875188031065,-5.373664666750269,-0.0106041563910233,0.08288478643415774,-0.048547129113700946,-8.682660907389073,-0.03641034683527571,3.0538244668673267,0.0005019707589658674,0.03793359298110268,-0.0212083127820466,-0.0106041563910233,-5.382501463742789,0.12432717965123657,-0.07282069367055143,-0.03641034683527571,-8.713002863085135]},{"atoms":["H","P"],"basis":"sto-3g","numCols":10,"numRows":10,"positions":[0.0,0.0,0.0,1.0,0.5,0.75],"values":[-11.327132917796419,-4.118108802973166,-7.794875667997915,2.1954676902235946,1.0977338451117973,1.6466007676676953,-7.929822251912611,4.51109440421659,2.255547202108295,3.383320803162442,-4.118108802973166,-215.15200511865146,-35.945510005192645,0.008904830343351053,0.004452415171675527,0.006678622757504191,-1.372464406428266,0.0006442712564932521,0.00032213562824662603,0.00048320344236991536,-7.794875667997915,-35.945510005192645,-40.83475013488205,0.11089140560035528,0.05544570280017764,0.08316855420026802,-5.871024519777693,0.046231583650680697,0.023115791825340348,0.03467368773801098,2.1954676902235946,0.008904830343351053,0.11089140560035528,-40.39819006216349,-0.01752456928908159,-0.026286853933622383,0.04786364929190378,-6.160695460101486,-0.012349691709882859,-0.01852453756482429,1.0977338451117973,0.004452415171675527,0.05544570280017764,-0.01752456928908159,-40.37190320822987,-0.013143426966811192,0.02393182464595189,-0.012349691709882859,-6.142170922536662,-0.009262268782412144,1.6466007676676953,0.006678622757504191,0.08316855420026802,-0.026286853933622383,-0.013143426966811192,-40.38285606403554,0.03589773696893146,-0.01852453756482429,-0.009262268782412144,-6.1498894798553385,-7.929822251912611,-1.372464406428266,-5.871024519777693,0.04786364929190378,0.02393182464595189,0.03589773696893146,-10.069937229909844,0.18043307639782222,0.09021653819891111,0.13532480729836643,4.51109440421659,0.0006442712564932521,0.046231583650680697,-6.160695460101486,-0.012349691709882859,-0.01852453756482429,0.18043307639782222,-10.127550571188285,-0.05406123058448465,-0.08109184587672698,2.255547202108295,0.00032213562824662603,0.023115791825340348,-0.012349691709882859,-6.142170922536662,-0.009262268782412144,0.09021653819891111,-0.05406123058448465,-10.046458725311558,-0.04054592293836349,3.383320803162442,0.00048320344236991536,0.03467368773801098,-0.01852453756482429,-0.009262268782412144,-6.1498894798553385,0.13532480729836643,-0.08109184587672698,-0.04054592293836349,-10.080246994426862]},{"atoms":["H","S"],"basis":"sto-3g","numCols":10,"numRows":10,"positions":[0.0,0.0,0.0,1.0,0.5,0.75],"values":[-12.000500863623731,-4.251677057341745,-7.980478565763188,2.078389933977209,1.0391949669886045,1.5587924504829063,-8.797594140767176,4.916692718120261,2.4583463590601307,3.687519538590197,-4.251677057341745,-244.847927844671,-42.13754168605695,0.0016715955762866088,0.0008357977881433044,0.0012536966821935398,-1.5929530196456898,0.0006203247211938554,0.0003101623605969277,0.0004652435408953915,-7.980478565763188,-42.13754168605695,-47.404933587579606,0.09930805802202083,0.04965402901101042,0.07448104351651895,-6.65318407127299,0.04232899410768199,0.021164497053840995,0.03174674558076164,2.078389933977209,0.0016715955762866088,0.09930805802202083,-46.85874041602926,-0.014657440328716478,-0.021986160493074714,0.04369184775460738,-6.978041197762019,-0.010665761910005579,-0.015998642865008367,1.0391949669886045,0.0008357977881433044,0.04965402901101042,-0.014657440328716478,-46.836754255536185,-0.010993080246537357,0.02184592387730369,-0.010665761910005579,-6.96204255489701,-0.007999321432504184,1.5587924504829063,0.0012536966821935398,0.07448104351651895,-0.021986160493074714,-0.010993080246537357,-46.845915155741636,0.03276888581595927,-0.015998642865008367,-0.007999321432504184,-6.968708656090764,-8.797594140767176,-1.5929530196456898,-6.65318407127299,0.04369184775460738,0.02184592387730369,0.03276888581595927,-11.53156861102937,0.1927659332906835,0.09638296664534175,0.1445744499680136,4.916692718120261,0.0006203247211938554,0.04232899410768199,-6.978041197762019,-0.010665761910005579,-0.015998642865008367,0.1927659332906835,-11.595611041087771,-0.0586902703727378,-0.08803540555910673,2.4583463590601307,0.0003101623605969277,0.021164497053840995,-0.010665761910005579,-6.96204255489701,-0.007999321432504184,0.09638296664534175,-0.0586902703727378,-11.507575635528664,-0.044017702779553365,3.687519538590197,0.0004652435408953915,0.03174674558076164,-0.015998642865008367,-0.007999321432504184,-6.968708656090764,0.1445744499680136,-0.08803540555910673,-0.044017702779553365,-11.544257054511625]},{"atoms":["H","Cl"],"basis":"sto-3g","numCols":10,"numRows":10,"positions":[0.0,0.0,0.0,1.0,0.5,0.75],"values":[-12.673868809451044,-4.3825784921543445,-8.163071508290486,1.9783418985649979,0.9891709492824989,1.4837564239237488,-9.423904129309516,5.2269298976671505,2.6134649488335753,3.9201974232503636,-4.3825784921543445,-276.2947427658483,-48.723036313931125,8.317871030138971e-11,4.158935515069486e-11,6.239301088760305e-11,-1.683090437804418,0.0005356817893052741,0.00026784089465263706,0.00040176134197895556,-8.163071508290486,-48.723036313931125,-54.33430348187702,0.09181324558598916,0.04590662279299458,0.06885993418948907,-6.80209343397144,0.03586802611226791,0.017934013056133954,0.0269010195842002,1.9783418985649979,8.317871030138971e-11,0.09181324558598916,-53.731057626743095,-0.012542226820506007,-0.01881334023075901,0.03711505116164102,-7.151657807517891,-0.008602777342815315,-0.012904166014222968,0.9891709492824989,4.158935515069486e-11,0.04590662279299458,-0.012542226820506007,-53.71224428651233,-0.009406670115379505,0.01855752558082051,-0.008602777342815315,-7.138753641503667,-0.006452083007111484,1.4837564239237488,6.239301088760305e-11,0.06885993418948907,-0.01881334023075901,-0.009406670115379505,-53.720083178275146,0.027836288371228854,-0.012904166014222968,-0.006452083007111484,-7.144130377342927,-9.423904129309516,-1.683090437804418,-6.80209343397144,0.03711505116164102,0.01855752558082051,0.027836288371228854,-12.507021238328788,0.19634019257908575,0.09817009628954287,0.14725514443431398,5.2269298976671505,0.0005356817893052741,0.03586802611226791,-7.151657807517891,-0.008602777342815315,-0.012904166014222968,0.19634019257908575,-12.573859985557784,-0.06001723635474826,-0.09002585453212239,2.6134649488335753,0.00026784089465263706,0.017934013056133954,-0.008602777342815315,-7.138753641503667,-0.006452083007111484,0.09817009628954287,-0.06001723635474826,-12.483834131025661,-0.045012927266061195,3.9201974232503636,0.00040176134197895556,0.0269010195842002,-0.012904166014222968,-0.006452083007111484,-7.144130377342927,0.14725514443431398,-0.09002585453212239,-0.045012927266061195,-12.52134490374738]},{"atoms":["H","Ar"],"basis":"sto-3g","numCols":10,"numRows":10,"positions":[0.0,0.0,0.0,1.0,0.5,0.75],"values":[-13.347236755278356,-4.494351889980294,-8.335417472489075,1.8842705871323826,0.9421352935661913,1.4132029403492865,-10.404906668103227,5.6144082419071,2.80720412095355,4.210806181430323,-4.494351889980294,-309.8188874109998,-55.99807964297074,2.4955371903882058e-12,1.2477685951941029e-12,1.9029161562795512e-12,-2.0443559681103447,9.042190439028371e-12,4.521095219514186e-12,6.782189993585812e-12,-8.335417472489075,-55.99807964297074,-61.82676917095781,0.08522795177879933,0.04261397588939966,0.06392096383408091,-8.236194032896417,0.03528339383621007,0.017641696918105035,0.026462545377157063,1.8842705871323826,2.4955371903882058e-12,0.08522795177879933,-61.16245127155326,-0.010815811036937833,-0.016223716555406734,0.036580085846634774,-8.645063061384837,-0.007889692631951632,-0.011834538947927447,0.9421352935661913,1.2477685951941029e-12,0.04261397588939966,-0.010815811036937833,-61.14622755499786,-0.008111858277703367,0.018290042923317387,-0.007889692631951632,-8.63322852243691,-0.0059172694739637235,1.4132029403492865,1.9029161562795512e-12,0.06392096383408091,-0.016223716555406734,-0.008111858277703367,-61.15298743689594,0.027435064384975755,-0.011834538947927447,-0.0059172694739637235,-8.63815958033188,-10.404906668103227,-2.0443559681103447,-8.236194032896417,0.036580085846634774,0.018290042923317387,0.027435064384975755,-14.62183911864676,0.20935373156356005,0.10467686578178002,0.15701529867267,5.6144082419071,9.042190439028371e-12,0.03528339383621007,-8.645063061384837,-0.007889692631951632,-0.011834538947927447,0.20935373156356005,-14.696583637727532,-0.06467147366135352,-0.09700721049203026,2.80720412095355,4.521095219514186e-12,0.017641696918105035,-0.007889692631951632,-8.63322852243691,-0.0059172694739637235,0.10467686578178002,-0.06467147366135352,-14.599576427235501,-0.04850360524601513,4.210806181430323,6.782189993585812e-12,0.026462545377157063,-0.011834538947927447,-0.0059172694739637235,-8.63815958033188,0.15701529867267,-0.09700721049203026,-0.04850360524601513,-14.639996098273848]},{"atoms":["H","K"],"basis":"sto-3g","numCols":14,"numRows":14,"positions":[0.0,0.0,0.0,1.0,0.5,0.75],"values":[-14.02060470110567,-4.588193670810447,-8.48222874460058,1.7858777304349418,0.8929388652174709,1.3394082978262067,-11.460462275783385,5.867288967842115,2.9336444839210576,4.400466725881587,-5.175967846151945,3.23272269139116,1.61636134569558,2.42454201854337,-4.588193670810447,-349.77286199288847,-63.89024321144752,2.2654230248734803e-14,1.1327115124367402e-14,5.709448880995937e-15,-2.7666266388870038,1.4203143320744935e-13,7.101571660372468e-14,1.0652357490558703e-13,0.09729290059037965,2.0514063263516417e-14,1.0257031631758208e-14,1.5367201591000792e-14,-8.48222874460058,-63.89024321144752,-70.184056828294,0.07907135325668725,0.039535676628343626,0.05930351494251544,-11.283479151486585,0.038336308399013794,0.019168154199506897,0.02875223129925665,-0.3697940707658136,0.003697076247931224,0.001848538123965612,0.0027728071859486067,1.7858777304349418,2.2654230248734803e-14,0.07907135325668725,-69.4520638250558,-0.009316387285100796,-0.013974580927651192,0.039756337265284936,-11.783210743499442,-0.007824173571734363,-0.011736260357601537,0.002945195970184283,-0.901297391416474,-0.000904272247657985,-0.0013564083714869783,0.8929388652174709,1.1327115124367402e-14,0.039535676628343626,-0.009316387285100796,-69.43808924412815,-0.006987290463825596,0.019878168632642468,-0.007824173571734363,-11.77147448314184,-0.0058681301788007685,0.0014725979850921415,-0.000904272247657985,-0.899940983044987,-0.0006782041857434891,1.3394082978262067,5.709448880995937e-15,0.05930351494251544,-0.013974580927651192,-0.006987290463825596,-69.44391198618133,0.02981725294895708,-0.011736260357601537,-0.0058681301788007685,-11.776364591624175,0.0022088969776393975,-0.0013564083714869783,-0.0006782041857434891,-0.9005061531997732,-11.460462275783385,-2.7666266388870038,-11.283479151486585,0.039756337265284936,0.019878168632642468,0.02981725294895708,-18.1040099286941,0.22000746965623116,0.11000373482811558,0.16500560224217062,-5.228624922504366,0.07735654801748433,0.038678274008742165,0.05801741101311329,5.867288967842115,1.4203143320744935e-13,0.038336308399013794,-11.783210743499442,-0.007824173571734363,-0.011736260357601537,0.22000746965623116,-18.18780430271098,-0.06738456771798987,-0.1010768515769848,0.07752810157084555,-5.439887695993235,-0.02311328740499742,-0.03466993110749614,2.9336444839210576,7.101571660372468e-14,0.019168154199506897,-0.007824173571734363,-11.77147448314184,-0.0058681301788007685,0.11000373482811558,-0.06738456771798987,-18.086727451133996,-0.0505384257884924,0.03876405078542278,-0.02311328740499742,-5.405217764885739,-0.01733496555374807,4.400466725881587,1.0652357490558703e-13,0.02875223129925665,-0.011736260357601537,-0.0058681301788007685,-11.776364591624175,0.16500560224217062,-0.1010768515769848,-0.0505384257884924,-18.12884280595774,0.05814607617813484,-0.03466993110749614,-0.01733496555374807,-5.419663569513863,-5.175967846151945,0.09729290059037965,-0.3697940707658136,0.002945195970184283,0.0014725979850921415,0.0022088969776393975,-5.228624922504366,0.07752810157084555,0.03876405078542278,0.05814607617813484,-7.15164726714058,0.08079229445044091,0.040396147225220454,0.0605942208378313,3.23272269139116,2.0514063263516417e-14,0.003697076247931224,-0.901297391416474,-0.000904272247657985,-0.0013564083714869783,0.07735654801748433,-5.439887695993235,-0.02311328740499742,-0.03466993110749614,0.08079229445044091,-7.1654040335263804,-0.018257563830120515,-0.027386345745180774,1.61636134569558,1.0257031631758208e-14,0.001848538123965612,-0.000904272247657985,-0.899940983044987,-0.0006782041857434891,0.038678274008742165,-0.02311328740499742,-5.405217764885739,-0.01733496555374807,0.040396147225220454,-0.018257563830120515,-7.1380176877812,-0.013693172872590387,2.42454201854337,1.5367201591000792e-14,0.0027728071859486067,-0.0013564083714869783,-0.0006782041857434891,-0.9005061531997732,0.05801741101311329,-0.03466993110749614,-0.01733496555374807,-5.419663569513863,0.0605942208378313,-0.027386345745180774,-0.013693172872590387,-7.149428665175025]},{"atoms":["H","Ca"],"basis":"sto-3g","numCols":14,"numRows":14,"positions":[0.0,0.0,0.0,1.0,0.5,0.75],"values":[-14.693972646932982,-4.709263278031864,-8.64990109889681,1.7116577652128988,0.8558288826064494,1.2837433239096732,-12.172513939782025,6.01557325145451,3.007786625727255,4.511679938590882,-5.015236937266547,3.1456377958385775,1.5728188979192887,2.359228346878933,-4.709263278031864,-387.37252968167957,-72.16020640908614,3.7074247162568276e-16,1.8537123581284138e-16,7.949914023195828e-15,-3.29932545406671,3.6265926699795574e-15,1.8132963349897787e-15,6.909276714064404e-16,0.09729789324741082,4.307422529631773e-16,2.1537112648158864e-16,3.1488254945407984e-16,-8.64990109889681,-72.16020640908614,-78.66210520071165,0.07412493304367691,0.03706246652183846,0.055593699782741667,-13.330251988264411,0.03754881809134647,0.018774409045673235,0.028161613568509634,-0.24392553567957048,0.0025797152201200617,0.0012898576100600309,0.0019347864150898208,1.7116577652128988,3.7074247162568276e-16,0.07412493304367691,-77.8617409260295,-0.008192116361838055,-0.012288174542757067,0.038947803342494175,-13.898086926668148,-0.007150800447584367,-0.010726200671376548,0.0018590574928335005,-0.7509115190151805,-0.000595059823983705,-0.0008925897359755569,0.8558288826064494,1.8537123581284138e-16,0.03706246652183846,-0.008192116361838055,-77.84945275148674,-0.006144087271378534,0.019473901671247087,-0.007150800447584367,-13.887360725996771,-0.005363100335688274,0.0009295287464167502,-0.000595059823983705,-0.7500189292792049,-0.00044629486798777846,1.2837433239096732,7.949914023195828e-15,0.055593699782741667,-0.012288174542757067,-0.006144087271378534,-77.8545728242129,0.029210852506867092,-0.010726200671376548,-0.005363100335688274,-13.891829976276512,0.0013942931196260703,-0.0008925897359755569,-0.00044629486798777846,-0.7503908416691947,-12.172513939782025,-3.29932545406671,-13.330251988264411,0.038947803342494175,0.019473901671247087,0.029210852506867092,-20.773311997692485,0.21992325896274278,0.10996162948137139,0.16494244422205456,-4.375908632710597,0.06258428871279917,0.031292144356399584,0.0469382165345993,6.01557325145451,3.6265926699795574e-15,0.03754881809134647,-13.898086926668148,-0.007150800447584367,-0.010726200671376548,0.21992325896274278,-20.860796624956013,-0.0660780837876821,-0.09911712568152313,0.062161363026278914,-4.654985682326282,-0.01891719693162328,-0.028375795397434917,3.007786625727255,1.8132963349897787e-15,0.018774409045673235,-0.007150800447584367,-13.887360725996771,-0.005363100335688274,0.10996162948137139,-0.0660780837876821,-20.76167949927449,-0.049558562840761565,0.031080681513139457,-0.01891719693162328,-4.626609886928847,-0.014187897698717459,4.511679938590882,6.909276714064404e-16,0.028161613568509634,-0.010726200671376548,-0.005363100335688274,-13.891829976276512,0.16494244422205456,-0.09911712568152313,-0.049558562840761565,-20.80297830164179,0.0466210222697094,-0.028375795397434917,-0.014187897698717459,-4.638433135011112,-5.015236937266547,0.09729789324741082,-0.24392553567957048,0.0018590574928335005,0.0009295287464167502,0.0013942931196260703,-4.375908632710597,0.062161363026278914,0.031080681513139457,0.0466210222697094,-7.142295297454806,0.07367281887941281,0.036836409439706404,0.05525461415955981,3.1456377958385775,4.307422529631773e-16,0.0025797152201200617,-0.7509115190151805,-0.000595059823983705,-0.0008925897359755569,0.06258428871279917,-4.654985682326282,-0.01891719693162328,-0.028375795397434917,0.07367281887941281,-7.1543875590369606,-0.01603919318847177,-0.024058789782707653,1.5728188979192887,2.1537112648158864e-16,0.0012898576100600309,-0.000595059823983705,-0.7500189292792049,-0.00044629486798777846,0.031292144356399584,-0.01891719693162328,-4.626609886928847,-0.014187897698717459,0.036836409439706404,-0.01603919318847177,-7.130328769254253,-0.012029394891353826,2.359228346878933,3.1488254945407984e-16,0.0019347864150898208,-0.0008925897359755569,-0.00044629486798777846,-0.7503908416691947,0.0469382165345993,-0.028375795397434917,-0.014187897698717459,-4.638433135011112,0.05525461415955981,-0.024058789782707653,-0.012029394891353826,-7.140353264997048]},{"atoms":["He","H"],"basis":"sto-3g","numCols":2,"numRows":2,"positions":[0.0,0.0,0.0,1.0,0.5,0.75],"values":[-4.062741404253368,-1.8207598492635826,-1.8207598492635826,-2.575649167096577]},{"atoms":["He","He"],"basis":"sto-3g","numCols":2,"numRows":2,"positions":[0.0,0.0,0.0,1.0,0.5,0.75],"values":[-4.781971188695913,-2.274450222104763,-2.274450222104763,-4.781971188695913]},{"atoms":["He","Li"],"basis":"sto-3g","numCols":6,"numRows":6,"positions":[0.0,0.0,0.0,1.0,0.5,0.75],"values":[-5.498194551163751,-2.3224934336716703,-1.613971022842883,1.3606423653910362,0.6803211826955181,1.0204817740432772,-2.3224934336716703,-9.434170773433078,-1.3018824866398153,0.09254003014735808,0.04627001507367904,0.06940502261051877,-1.613971022842883,-1.3018824866398153,-1.9680309302242915,0.18930005535475372,0.09465002767737686,0.14197504151606524,1.3606423653910362,0.09254003014735808,0.18930005535475372,-1.9988333430972336,-0.04840146965160949,-0.07260220447741424,0.6803211826955181,0.04627001507367904,0.09465002767737686,-0.04840146965160949,-1.9262311386198196,-0.03630110223870712,1.0204817740432772,0.06940502261051877,0.14197504151606524,-0.07260220447741424,-0.03630110223870712,-1.9564820571520753]},{"atoms":["He","Be"],"basis":"sto-3g","numCols":6,"numRows":6,"positions":[0.0,0.0,0.0,1.0,0.5,0.75],"values":[-6.216422194948059,-2.3408624359018844,-2.716753486428745,2.1666757642023495,1.0833378821011748,1.625006823151762,-2.3408624359018844,-15.865144873673835,-2.2813452557616896,0.08922930495802739,0.044614652479013694,0.06692197871852039,-2.716753486428745,-2.2813452557616896,-3.3313161849462576,0.30067447518333007,0.15033723759166503,0.22550585638749768,2.1666757642023495,0.08922930495802739,0.30067447518333007,-3.379946024766882,-0.08554424786286377,-0.12831637179429567,1.0833378821011748,0.044614652479013694,0.15033723759166503,-0.08554424786286377,-3.2516296529725865,-0.06415818589714783,1.625006823151762,0.06692197871852039,0.22550585638749768,-0.12831637179429567,-0.06415818589714783,-3.3050948078868765]},{"atoms":["He","B"],"basis":"sto-3g","numCols":6,"numRows":6,"positions":[0.0,0.0,0.0,1.0,0.5,0.75],"values":[-6.934649838732369,-2.389353965415682,-3.6904271947576164,2.800178827265785,1.4000894136328925,2.1001341204493387,-2.389353965415682,-24.393534997216555,-3.5309055572333254,0.07631007186170603,0.038155035930853017,0.0572325538962797,-3.6904271947576164,-3.5309055572333254,-4.973942841236756,0.3758295201187194,0.1879147600593597,0.28187214008903927,2.800178827265785,0.07631007186170603,0.3758295201187194,-5.0310010586547325,-0.11143822288011213,-0.1671573343201682,1.4000894136328925,0.038155035930853017,0.1879147600593597,-0.11143822288011213,-4.863843724334564,-0.0835786671600841,2.1001341204493387,0.0572325538962797,0.28187214008903927,-0.1671573343201682,-0.0835786671600841,-4.933492613634635]},{"atoms":["He","C"],"basis":"sto-3g","numCols":6,"numRows":6,"positions":[0.0,0.0,0.0,1.0,0.5,0.75],"values":[-7.652877482516679,-2.488653860523619,-4.398728751956432,3.214466777971981,1.6072333889859904,2.410850083478986,-2.488653860523619,-34.898003211340765,-4.554427542319415,0.05894313360905766,0.02947156680452883,0.04420735020679294,-4.398728751956432,-4.554427542319415,-6.473550489221672,0.4020522492566467,0.20102612462832334,0.3015391869424847,3.214466777971981,0.05894313360905766,0.4020522492566467,-6.527798283983708,-0.12009680491744207,-0.18014520737616307,1.6072333889859904,0.02947156680452883,0.20102612462832334,-0.12009680491744207,-6.347653076607545,-0.09007260368808154,2.410850083478986,0.04420735020679294,0.3015391869424847,-0.18014520737616307,-0.09007260368808154,-6.422713579680947]},{"atoms":["He","N"],"basis":"sto-3g","numCols":6,"numRows":6,"positions":[0.0,0.0,0.0,1.0,0.5,0.75],"values":[-8.371105126300987,-2.605088373288383,-5.058767607635967,3.553461273908536,1.776730636954268,2.665095955431402,-2.605088373288383,-47.0043727428626,-5.7764037701241975,0.04757071666209719,0.023785358331048594,0.03567803749657215,-5.058767607635967,-5.7764037701241975,-8.21067355390175,0.4144144860489881,0.20720724302449406,0.31081086453674217,3.553461273908536,0.04757071666209719,0.4144144860489881,-8.255682915501696,-0.12304466015648313,-0.18456699023472473,1.776730636954268,0.023785358331048594,0.20720724302449406,-0.12304466015648313,-8.071115925266971,-0.09228349511736236,2.665095955431402,0.03567803749657215,0.31081086453674217,-0.18456699023472473,-0.09228349511736236,-8.148018837864772]},{"atoms":["He","O"],"basis":"sto-3g","numCols":6,"numRows":6,"positions":[0.0,0.0,0.0,1.0,0.5,0.75],"values":[-9.089332770085297,-2.7308905959183067,-5.662099002708093,3.7818268704575067,1.8909134352287533,2.83637015284313,-2.7308905959183067,-61.43631178208774,-7.528655328343383,0.041633805771291894,0.020816902885645947,0.03122535432846937,-5.662099002708093,-7.528655328343383,-10.453902898382333,0.41303265016159463,0.20651632508079731,0.3097744876211949,3.7818268704575067,0.041633805771291894,0.41303265016159463,-10.479389033296318,-0.11941818718507471,-0.17912728077761206,1.8909134352287533,0.020816902885645947,0.20651632508079731,-0.11941818718507471,-10.300261752518706,-0.08956364038880603,2.83637015284313,0.03122535432846937,0.3097744876211949,-0.17912728077761206,-0.08956364038880603,-10.374898119509377]},{"atoms":["He","F"],"basis":"sto-3g","numCols":6,"numRows":6,"positions":[0.0,0.0,0.0,1.0,0.5,0.75],"values":[-9.807560413869606,-2.857669786115649,-6.166742372137694,3.9071276587212207,1.9535638293606103,2.930345744040915,-2.857669786115649,-77.30328967706063,-9.48852221340109,0.031028209019998216,0.015514104509999108,0.023271156764996387,-6.166742372137694,-9.48852221340109,-12.978798202614271,0.39899697174782445,0.19949848587391222,0.29924772881086814,3.9071276587212207,0.031028209019998216,0.39899697174782445,-12.976543662361804,-0.11055152311526231,-0.16582728467289343,1.9535638293606103,0.015514104509999108,0.19949848587391222,-0.11055152311526231,-12.81071637768891,-0.08291364233644671,2.930345744040915,0.023271156764996387,0.29924772881086814,-0.16582728467289343,-0.08291364233644671,-12.87981107963595]},{"atoms":["He","Ne"],"basis":"sto-3g","numCols":6,"numRows":6,"positions":[0.0,0.0,0.0,1.0,0.5,0.75],"values":[-10.525788057653916,-2.956138587238409,-6.575846054212768,3.931385020374191,1.9656925101870955,2.9485387652806425,-2.956138587238409,-95.65302189129675,-11.847608039603598,0.02785763849946095,0.013928819249730474,0.020893228874595462,-6.575846054212768,-11.847608039603598,-15.944990153581305,0.37629071845014084,0.18814535922507042,0.2822180388376039,3.931385020374191,0.02785763849946095,0.37629071845014084,-15.908241851072848,-0.09837630499444987,-0.1475644574916748,1.9656925101870955,0.013928819249730474,0.18814535922507042,-0.09837630499444987,-15.760677393581172,-0.0737822287458374,2.9485387652806425,0.020893228874595462,0.2822180388376039,-0.1475644574916748,-0.0737822287458374,-15.822162584202704]},{"atoms":["He","Na"],"basis":"sto-3g","numCols":10,"numRows":10,"positions":[0.0,0.0,0.0,1.0,0.5,0.75],"values":[-11.244015701438226,-3.0859863863667427,-6.716095410634608,3.6364110268788132,1.8182055134394066,2.72730827015911,-5.515479191890093,4.2019399527121815,2.1009699763560907,3.1514549645341368,-3.0859863863667427,-115.74376693295903,-16.503520845017633,0.028469358612341192,0.014234679306170596,0.02135201895926109,-1.1484720544600726,0.003037789067077469,0.0015188945335387345,0.0022783418003086094,-6.716095410634608,-16.503520845017633,-20.734096976069296,0.3303945001513075,0.16519725007565375,0.2477958751134824,-5.939827576022013,0.19445421536465407,0.09722710