{"results":[{"atoms":["H","H"],"basis":"sto-6g","overlap":[0.9999999998273962,0.6777868130259495,0.6777868130259495,0.9999999998273962],"overlap_cols":2,"overlap_rows":2,"positions":[0.0,0.0,0.0,1.0,0.5,0.75]},{"atoms":["H","He"],"basis":"sto-6g","overlap":[0.9999999998273962,0.580800021215388,0.580800021215388,0.9999999998407454],"overlap_cols":2,"overlap_rows":2,"positions":[0.0,0.0,0.0,1.0,0.5,0.75]},{"atoms":["H","Li"],"basis":"sto-6g","overlap":[0.9999999998273962,0.3883267982962537,0.5882860417254494,-0.3546897503291943,-0.17734487516459715,-0.2660173127468958,0.3883267982962537,0.999999999936299,0.2357422096486794,0.0,0.0,9.747398613539674e-18,0.5882860417254494,0.2357422096486794,1.0000000000889053,0.0,0.0,1.1820558637375636e-18,-0.3546897503291943,0.0,0.0,0.9999999997436053,0.0,0.0,-0.17734487516459715,0.0,0.0,0.0,0.9999999997436053,0.0,-0.2660173127468958,9.747398613539674e-18,1.1820558637375636e-18,0.0,0.0,0.9999999997436053],"overlap_cols":6,"overlap_rows":6,"positions":[0.0,0.0,0.0,1.0,0.5,0.75]},{"atoms":["H","Be"],"basis":"sto-6g","overlap":[0.9999999998273962,0.26890703723745457,0.7086829241186703,-0.41581637665544674,-0.20790818832772337,-0.3118622824915851,0.26890703723745457,0.9999999999148135,0.25476431743983446,0.0,0.0,-1.119103957490228e-17,0.7086829241186703,0.25476431743983446,1.0000000001242302,0.0,0.0,-2.8714164102426008e-18,-0.41581637665544674,0.0,0.0,0.9999999998358337,0.0,0.0,-0.20790818832772337,0.0,0.0,0.0,0.9999999998358337,0.0,-0.3118622824915851,-1.119103957490228e-17,-2.8714164102426008e-18,0.0,0.0,0.9999999998358337],"overlap_cols":6,"overlap_rows":6,"positions":[0.0,0.0,0.0,1.0,0.5,0.75]},{"atoms":["H","B"],"basis":"sto-6g","overlap":[0.9999999998273962,0.19559846811684692,0.7321948880716799,-0.41606058458409534,-0.20803029229204767,-0.31204543843807153,0.19559846811684692,0.9999994012469339,0.2648913270589322,0.0,0.0,4.390916228956631e-18,0.7321948880716799,0.2648913270589322,1.000000094320206,0.0,0.0,1.3078155352788064e-17,-0.41606058458409534,0.0,0.0,1.000000911749165,0.0,0.0,-0.20803029229204767,0.0,0.0,0.0,1.000000911749165,0.0,-0.31204543843807153,4.390916228956631e-18,1.3078155352788064e-17,0.0,0.0,1.000000911749165],"overlap_cols":6,"overlap_rows":6,"positions":[0.0,0.0,0.0,1.0,0.5,0.75]},{"atoms":["H","C"],"basis":"sto-6g","overlap":[0.9999999998273962,0.1494994111676871,0.7188442439075684,-0.39946214939231595,-0.19973107469615797,-0.2995966120442369,0.1494994111676871,0.9999999998873683,0.24322804495640163,0.0,0.0,3.621469375490681e-18,0.7188442439075684,0.24322804495640163,1.0000000000321612,0.0,0.0,-3.76906567995401e-18,-0.39946214939231595,0.0,0.0,0.9999999997451144,0.0,0.0,-0.19973107469615797,0.0,0.0,0.0,0.9999999997451144,0.0,-0.2995966120442369,3.621469375490681e-18,-3.76906567995401e-18,0.0,0.0,0.9999999997451144],"overlap_cols":6,"overlap_rows":6,"positions":[0.0,0.0,0.0,1.0,0.5,0.75]},{"atoms":["H","N"],"basis":"sto-6g","overlap":[0.9999999998273962,0.11831759168279052,0.6921300766445609,-0.37516900548802545,-0.18758450274401273,-0.28137675411601903,0.11831759168279052,0.9999999999016383,0.2294157870660402,0.0,0.0,-4.493134746579626e-18,0.6921300766445609,0.2294157870660402,1.0000000000657512,0.0,0.0,-5.865020894972876e-17,-0.37516900548802545,0.0,0.0,0.9999999998122316,0.0,0.0,-0.18758450274401273,0.0,0.0,0.0,0.9999999998122316,0.0,-0.28137675411601903,-4.493134746579626e-18,-5.865020894972876e-17,0.0,0.0,0.9999999998122316],"overlap_cols":6,"overlap_rows":6,"positions":[0.0,0.0,0.0,1.0,0.5,0.75]},{"atoms":["H","O"],"basis":"sto-6g","overlap":[0.9999999998273962,0.09665423558221169,0.6471235397823365,-0.33887423607285255,-0.16943711803642628,-0.2541556770546394,0.09665423558221169,0.9999999998772282,0.23114487652748308,0.0,0.0,-3.3772152537288452e-18,0.6471235397823365,0.23114487652748308,1.0000000000438967,0.0,0.0,3.4682866392448304e-17,-0.33887423607285255,0.0,0.0,0.9999999997819744,0.0,0.0,-0.16943711803642628,0.0,0.0,0.0,0.9999999997819744,0.0,-0.2541556770546394,-3.3772152537288452e-18,3.4682866392448304e-17,0.0,0.0,0.9999999997819744],"overlap_cols":6,"overlap_rows":6,"positions":[0.0,0.0,0.0,1.0,0.5,0.75]},{"atoms":["H","F"],"basis":"sto-6g","overlap":[0.9999999998273962,0.08080793382926235,0.5978979738329292,-0.301880191295847,-0.1509400956479235,-0.22641014347188523,0.08080793382926235,0.999999999895323,0.23247902441421942,0.0,0.0,-4.0747253955834565e-17,0.5978979738329292,0.23247902441421942,0.9999999998960853,0.0,0.0,-2.865781630755497e-17,-0.301880191295847,0.0,0.0,0.9999999996885898,0.0,0.0,-0.1509400956479235,0.0,0.0,0.0,0.9999999996885898,0.0,-0.22641014347188523,-4.0747253955834565e-17,-2.865781630755497e-17,0.0,0.0,0.9999999996885898],"overlap_cols":6,"overlap_rows":6,"positions":[0.0,0.0,0.0,1.0,0.5,0.75]},{"atoms":["H","Ne"],"basis":"sto-6g","overlap":[0.9999999998273962,0.06883099359313213,0.5441663789379549,-0.26346642733333253,-0.13173321366666627,-0.19759982049999944,0.06883099359313213,0.9999999998786014,0.23744740248151736,0.0,0.0,5.2189901268245524e-17,0.5441663789379549,0.23744740248151736,1.0000000000921911,0.0,0.0,-6.075320085460155e-17,-0.26346642733333253,0.0,0.0,0.9999999998463698,0.0,0.0,-0.13173321366666627,0.0,0.0,0.0,0.9999999998463698,0.0,-0.19759982049999944,5.2189901268245524e-17,-6.075320085460155e-17,0.0,0.0,0.9999999998463698],"overlap_cols":6,"overlap_rows":6,"positions":[0.0,0.0,0.0,1.0,0.5,0.75]},{"atoms":["H","Na"],"basis":"sto-6g","overlap":[0.9999999998273962,0.059696582588577754,0.4557274039394016,-0.2037659230654063,-0.10188296153270315,-0.15282444229905476,0.7173729068451363,-0.42419028815789317,-0.21209514407894658,-0.3181427161184199,0.059696582588577754,0.9999999998338426,0.27435473315420217,0.0,0.0,-3.529513380437901e-18,0.01711098816105713,0.0,0.0,6.494457565054663e-18,0.4557274039394016,0.27435473315420217,1.000000000102191,0.0,0.0,-2.0077013039168313e-16,0.45707208371384694,0.0,0.0,-1.6666090957559537e-17,-0.2037659230654063,0.0,0.0,0.999999999853797,0.0,0.0,0.0,0.4572881795403624,0.0,0.0,-0.10188296153270315,0.0,0.0,0.0,0.999999999853797,0.0,0.0,0.0,0.4572881795403624,0.0,-0.15282444229905476,-3.529513380437901e-18,-2.0077013039168313e-16,0.0,0.0,0.999999999853797,-3.1142505909036454e-17,0.0,0.0,0.4572881795403624,0.7173729068451363,0.01711098816105713,0.45707208371384694,0.0,0.0,-3.1142505909036454e-17,0.9999999999216276,0.0,0.0,-8.8602101711535e-17,-0.42419028815789317,0.0,0.0,0.4572881795403624,0.0,0.0,0.0,0.9999999999642677,0.0,0.0,-0.21209514407894658,0.0,0.0,0.0,0.4572881795403624,0.0,0.0,0.0,0.9999999999642677,0.0,-0.3181427161184199,6.494457565054663e-18,-1.6666090957559537e-17,0.0,0.0,0.4572881795403624,-8.8602101711535e-17,0.0,0.0,0.9999999999642677],"overlap_cols":10,"overlap_rows":10,"positions":[0.0,0.0,0.0,1.0,0.5,0.75]},{"atoms":["H","Mg"],"basis":"sto-6g","overlap":[0.9999999998273962,0.052342079592606325,0.4030182780708904,-0.17018540577486013,-0.08509270288743007,-0.1276390543311451,0.7123490441784086,-0.4226528298712267,-0.21132641493561335,-0.31698962240342,0.052342079592606325,0.9999999998608853,0.2851208466209322,0.0,0.0,-3.284744329392734e-17,0.012290772178374194,0.0,0.0,-2.5941243549894636e-18,0.4030182780708904,0.2851208466209322,1.0000000000541527,0.0,0.0,-2.9529758234415257e-17,0.36424153611079274,0.0,0.0,2.37606080058087e-18,-0.17018540577486013,0.0,0.0,0.9999999998517722,0.0,0.0,0.0,0.3645283434449336,0.0,0.0,-0.08509270288743007,0.0,0.0,0.0,0.9999999998517722,0.0,0.0,0.0,0.3645283434449336,0.0,-0.1276390543311451,-3.284744329392734e-17,-2.9529758234415257e-17,0.0,0.0,0.9999999998517722,-1.7052935804073228e-17,0.0,0.0,0.3645283434449336,0.7123490441784086,0.012290772178374194,0.36424153611079274,0.0,0.0,-1.7052935804073228e-17,0.9999999999602681,0.0,0.0,-5.372686609708901e-17,-0.4226528298712267,0.0,0.0,0.3645283434449336,0.0,0.0,0.0,0.9999999998646436,0.0,0.0,-0.21132641493561335,0.0,0.0,0.0,0.3645283434449336,0.0,0.0,0.0,0.9999999998646436,0.0,-0.31698962240342,-2.5941243549894636e-18,2.37606080058087e-18,0.0,0.0,0.3645283434449336,-5.372686609708901e-17,0.0,0.0,0.9999999998646436],"overlap_cols":10,"overlap_rows":10,"positions":[0.0,0.0,0.0,1.0,0.5,0.75]},{"atoms":["H","Al"],"basis":"sto-6g","overlap":[0.9999999998273962,0.04643291349691524,0.3537761382358862,-0.14026754981148631,-0.07013377490574316,-0.10520066235861476,0.7123490441799161,-0.42265282987465574,-0.21132641493732787,-0.3169896224059918,0.04643291349691524,0.9999999998878657,0.2985811513706553,0.0,0.0,-8.332764745483562e-17,0.009760052200734663,0.0,0.0,-8.184050860138053e-18,0.3537761382358862,0.2985811513706553,1.0000000000993696,0.0,0.0,-1.3709098113683457e-16,0.29964030495288607,0.0,0.0,4.241119383559908e-17,-0.14026754981148631,0.0,0.0,0.9999999998150726,0.0,0.0,0.0,0.29997336242161454,0.0,0.0,-0.07013377490574316,0.0,0.0,0.0,0.9999999998150726,0.0,0.0,0.0,0.29997336242161454,0.0,-0.10520066235861476,-8.332764745483562e-17,-1.3709098113683457e-16,0.0,0.0,0.9999999998150726,4.504087621022963e-17,0.0,0.0,0.29997336242161454,0.7123490441799161,0.009760052200734663,0.29964030495288607,0.0,0.0,4.504087621022963e-17,0.9999999999656166,0.0,0.0,-5.3726866098224724e-17,-0.42265282987465574,0.0,0.0,0.29997336242161454,0.0,0.0,0.0,0.999999999879341,0.0,0.0,-0.21132641493732787,0.0,0.0,0.0,0.29997336242161454,0.0,0.0,0.0,0.999999999879341,0.0,-0.3169896224059918,-8.184050860138053e-18,4.241119383559908e-17,0.0,0.0,0.29997336242161454,-5.3726866098224724e-17,0.0,0.0,0.999999999879341],"overlap_cols":10,"overlap_rows":10,"positions":[0.0,0.0,0.0,1.0,0.5,0.75]},{"atoms":["H","Si"],"basis":"sto-6g","overlap":[0.9999999998273962,0.04155465760747693,0.3115359501072732,-0.11585661173429454,-0.05792830586714727,-0.08689245880072088,0.7173729068731444,-0.4241902881492751,-0.21209514407463756,-0.3181427161119563,0.04155465760747693,0.999999999918299,0.3110285388032592,0.0,0.0,-8.14084281217781e-17,0.008557556264066218,0.0,0.0,2.683939107804001e-18,0.3115359501072732,0.3110285388032592,1.000000000113885,0.0,0.0,9.392253656150657e-17,0.2613279970313481,0.0,0.0,2.1189269398507175e-18,-0.11585661173429454,0.0,0.0,0.9999999998402366,0.0,0.0,0.0,0.26168505161029804,0.0,0.0,-0.05792830586714727,0.0,0.0,0.0,0.9999999998402366,0.0,0.0,0.0,0.26168505161029804,0.0,-0.08689245880072088,-8.14084281217781e-17,9.392253656150657e-17,0.0,0.0,0.9999999998402366,1.7416378671330107e-17,0.0,0.0,0.26168505161029804,0.7173729068731444,0.008557556264066218,0.2613279970313481,0.0,0.0,1.7416378671330107e-17,1.0000000000067477,0.0,0.0,-9.515311379608069e-17,-0.4241902881492751,0.0,0.0,0.26168505161029804,0.0,0.0,0.0,0.9999999999251472,0.0,0.0,-0.21209514407463756,0.0,0.0,0.0,0.26168505161029804,0.0,0.0,0.0,0.9999999999251472,0.0,-0.3181427161119563,2.683939107804001e-18,2.1189269398507175e-18,0.0,0.0,0.26168505161029804,-9.515311379608069e-17,0.0,0.0,0.9999999999251472],"overlap_cols":10,"overlap_rows":10,"positions":[0.0,0.0,0.0,1.0,0.5,0.75]},{"atoms":["H","P"],"basis":"sto-6g","overlap":[0.9999999998273962,0.03747268998039759,0.2754680711538238,-0.09605417357285642,-0.04802708678642821,-0.07204063017964225,0.7267023271408648,-0.4251636597698011,-0.21258182988490054,-0.31887274482735084,0.03747268998039759,0.9999999998791665,0.32265514710006393,0.0,0.0,-9.379262134428165e-17,0.008886583692988568,0.0,0.0,4.665414996822843e-19,0.2754680711538238,0.32265514710006393,1.0000000000600588,0.0,0.0,1.0600752215005749e-16,0.2551424316803608,0.0,0.0,5.934019161527758e-17,-0.09605417357285642,0.0,0.0,0.999999999786484,0.0,0.0,0.0,0.2555030063615374,0.0,0.0,-0.04802708678642821,0.0,0.0,0.0,0.999999999786484,0.0,0.0,0.0,0.2555030063615374,0.0,-0.07204063017964225,-9.379262134428165e-17,1.0600752215005749e-16,0.0,0.0,0.999999999786484,-1.101327189497406e-18,0.0,0.0,0.2555030063615374,0.7267023271408648,0.008886583692988568,0.2551424316803608,0.0,0.0,-1.101327189497406e-18,1.0000000000207367,0.0,0.0,4.7264384571171054e-18,-0.4251636597698011,0.0,0.0,0.2555030063615374,0.0,0.0,0.0,0.999999999844331,0.0,0.0,-0.21258182988490054,0.0,0.0,0.0,0.2555030063615374,0.0,0.0,0.0,0.999999999844331,0.0,-0.31887274482735084,4.665414996822843e-19,5.934019161527758e-17,0.0,0.0,0.2555030063615374,4.7264384571171054e-18,0.0,0.0,0.999999999844331],"overlap_cols":10,"overlap_rows":10,"positions":[0.0,0.0,0.0,1.0,0.5,0.75]},{"atoms":["H","S"],"basis":"sto-6g","overlap":[0.9999999998273962,0.034016636234380115,0.24526493382805434,-0.08030954878032348,-0.04015477439016174,-0.06023216158524264,0.7286998954579991,-0.4215587647217723,-0.21077938236088614,-0.3161690735413292,0.034016636234380115,0.9999999998612531,0.33279500477748813,0.0,0.0,-1.419442731963053e-16,0.009180552870924237,0.0,0.0,-1.3992579996517106e-18,0.24526493382805434,0.33279500477748813,1.0000000000837754,0.0,0.0,-7.708634195469746e-17,0.2500010096661743,0.0,0.0,8.12185974566682e-18,-0.08030954878032348,0.0,0.0,0.9999999998136888,0.0,0.0,0.0,0.2503644224832859,0.0,0.0,-0.04015477439016174,0.0,0.0,0.0,0.9999999998136888,0.0,0.0,0.0,0.2503644224832859,0.0,-0.06023216158524264,-1.419442731963053e-16,-7.708634195469746e-17,0.0,0.0,0.9999999998136888,8.966470570863618e-18,0.0,0.0,0.2503644224832859,0.7286998954579991,0.009180552870924237,0.2500010096661743,0.0,0.0,8.966470570863618e-18,0.9999999999602952,0.0,0.0,-1.3738334160728355e-17,-0.4215587647217723,0.0,0.0,0.2503644224832859,0.0,0.0,0.0,0.9999999998959261,0.0,0.0,-0.21077938236088614,0.0,0.0,0.0,0.2503644224832859,0.0,0.0,0.0,0.9999999998959261,0.0,-0.3161690735413292,-1.3992579996517106e-18,8.12185974566682e-18,0.0,0.0,0.2503644224832859,-1.3738334160728355e-17,0.0,0.0,0.9999999998959261],"overlap_cols":10,"overlap_rows":10,"positions":[0.0,0.0,0.0,1.0,0.5,0.75]},{"atoms":["H","Cl"],"basis":"sto-6g","overlap":[0.9999999998273962,0.031088445354067382,0.22031798892683815,-0.0679524465085568,-0.0339762232542784,-0.05096433488141762,0.7279974370960279,-0.41951834190113846,-0.20975917095056923,-0.31463875642585387,0.031088445354067382,0.9999999998788668,0.3412400072021605,0.0,0.0,1.52552450742704e-16,0.008267085351916814,0.0,0.0,2.5130473463931027e-18,0.22031798892683815,0.3412400072021605,1.0000000000687195,0.0,0.0,1.0509831784262792e-16,0.22484146968978702,0.0,0.0,-2.2538898139482435e-18,-0.0679524465085568,0.0,0.0,0.9999999997948384,0.0,0.0,0.0,0.22521748593529828,0.0,0.0,-0.0339762232542784,0.0,0.0,0.0,0.9999999997948384,0.0,0.0,0.0,0.22521748593529828,0.0,-0.05096433488141762,1.52552450742704e-16,1.0509831784262792e-16,0.0,0.0,0.9999999997948384,2.0871204709314555e-17,0.0,0.0,0.22521748593529828,0.7279974370960279,0.008267085351916814,0.22484146968978702,0.0,0.0,2.0871204709314555e-17,1.000000000010597,0.0,0.0,1.3209342823862589e-17,-0.41951834190113846,0.0,0.0,0.22521748593529828,0.0,0.0,0.0,0.9999999998473738,0.0,0.0,-0.20975917095056923,0.0,0.0,0.0,0.22521748593529828,0.0,0.0,0.0,0.9999999998473738,0.0,-0.31463875642585387,2.5130473463931027e-18,-2.2538898139482435e-18,0.0,0.0,0.22521748593529828,1.3209342823862589e-17,0.0,0.0,0.9999999998473738],"overlap_cols":10,"overlap_rows":10,"positions":[0.0,0.0,0.0,1.0,0.5,0.75]},{"atoms":["H","Ar"],"basis":"sto-6g","overlap":[0.9999999998273962,0.028532404686919366,0.19868369507481506,-0.05776347093331218,-0.02888173546665609,-0.04332260319998412,0.7177375121084841,-0.4059437538220293,-0.20297187691101465,-0.304457815366522,0.028532404686919366,0.9999999998973024,0.3491703292151661,0.0,0.0,-3.036237476967043e-17,0.009462642449002913,0.0,0.0,1.2087182767481414e-18,0.19868369507481506,0.3491703292151661,1.0000000000378777,0.0,0.0,-2.275271337954396e-17,0.2386244667240683,0.0,0.0,6.407035274474286e-17,-0.05776347093331218,0.0,0.0,0.9999999997446637,0.0,0.0,0.0,0.23899385583127922,0.0,0.0,-0.02888173546665609,0.0,0.0,0.0,0.9999999997446637,0.0,0.0,0.0,0.23899385583127922,0.0,-0.04332260319998412,-3.036237476967043e-17,-2.275271337954396e-17,0.0,0.0,0.9999999997446637,9.355110719909879e-18,0.0,0.0,0.23899385583127922,0.7177375121084841,0.009462642449002913,0.2386244667240683,0.0,0.0,9.355110719909879e-18,0.9999999999815551,0.0,0.0,-3.4858610986150055e-18,-0.4059437538220293,0.0,0.0,0.23899385583127922,0.0,0.0,0.0,0.9999999999134078,0.0,0.0,-0.20297187691101465,0.0,0.0,0.0,0.23899385583127922,0.0,0.0,0.0,0.9999999999134078,0.0,-0.304457815366522,1.2087182767481414e-18,6.407035274474286e-17,0.0,0.0,0.23899385583127922,-3.4858610986150055e-18,0.0,0.0,0.9999999999134078],"overlap_cols":10,"overlap_rows":10,"positions":[0.0,0.0,0.0,1.0,0.5,0.75]},{"atoms":["H","K"],"basis":"sto-6g","overlap":[0.9999999998273962,0.025801883233092224,0.17880218280528928,-0.048875970552133885,-0.024437985276066942,-0.03665697791410037,0.6788735641658808,-0.36990901952850735,-0.18495450976425368,-0.2774317646463806,0.5279249356528601,-0.32760732032323847,-0.16380366016161924,-0.24570549024242883,0.025801883233092224,0.9999999999141596,0.35260717393240215,0.0,0.0,4.913475502510355e-17,0.012553132128621788,0.0,0.0,7.351891500387057e-18,-8.510980701113401e-07,0.0,0.0,-1.6919617350128194e-20,0.17880218280528928,0.35260717393240215,1.0000000000576894,0.0,0.0,1.9656260508735363e-16,0.2841248042565071,0.0,0.0,5.075786740273979e-17,0.017520629389872793,0.0,0.0,1.1932134408968172e-18,-0.048875970552133885,0.0,0.0,0.9999999998236248,0.0,0.0,0.0,0.2844679917572092,0.0,0.0,0.0,0.01778111802436905,0.0,0.0,-0.024437985276066942,0.0,0.0,0.0,0.9999999998236248,0.0,0.0,0.0,0.2844679917572092,0.0,0.0,0.0,0.01778111802436905,0.0,-0.03665697791410037,4.913475502510355e-17,1.9656260508735363e-16,0.0,0.0,0.9999999998236248,-4.81101520000888e-17,0.0,0.0,0.2844679917572092,5.142859801866342e-17,0.0,0.0,0.01778111802436905,0.6788735641658808,0.012553132128621788,0.2841248042565071,0.0,0.0,-4.81101520000888e-17,1.0000000000166058,0.0,0.0,-7.03809262518629e-17,0.44303516912033836,0.0,0.0,-1.3094366382451022e-17,-0.36990901952850735,0.0,0.0,0.2844679917572092,0.0,0.0,0.0,0.9999999998775975,0.0,0.0,0.0,0.44311842618835523,0.0,0.0,-0.18495450976425368,0.0,0.0,0.0,0.2844679917572092,0.0,0.0,0.0,0.9999999998775975,0.0,0.0,0.0,0.44311842618835523,0.0,-0.2774317646463806,7.351891500387057e-18,5.075786740273979e-17,0.0,0.0,0.2844679917572092,-7.03809262518629e-17,0.0,0.0,0.9999999998775975,3.538388733356911e-18,0.0,0.0,0.44311842618835523,0.5279249356528601,-8.510980701113401e-07,0.017520629389872793,0.0,0.0,5.142859801866342e-17,0.44303516912033836,0.0,0.0,3.538388733356911e-18,0.9999999045757836,0.0,0.0,-8.706645707359071e-18,-0.32760732032323847,0.0,0.0,0.01778111802436905,0.0,0.0,0.0,0.44311842618835523,0.0,0.0,0.0,0.9999997920840337,0.0,0.0,-0.16380366016161924,0.0,0.0,0.0,0.01778111802436905,0.0,0.0,0.0,0.44311842618835523,0.0,0.0,0.0,0.9999997920840337,0.0,-0.24570549024242883,-1.6919617350128194e-20,1.1932134408968172e-18,0.0,0.0,0.01778111802436905,-1.3094366382451022e-17,0.0,0.0,0.44311842618835523,-8.706645707359071e-18,0.0,0.0,0.9999997920840337],"overlap_cols":14,"overlap_rows":14,"positions":[0.0,0.0,0.0,1.0,0.5,0.75]},{"atoms":["H","Ca"],"basis":"sto-6g","overlap":[0.9999999998273962,0.023912436053355954,0.16312146763400576,-0.04221746080575076,-0.02110873040287538,-0.031663095604313074,0.6478015951654817,-0.3443134470670013,-0.17215672353350064,-0.258235085300251,0.4998875313220261,-0.31092900167118154,-0.15546450083559077,-0.2331967512533861,0.023912436053355954,0.9999999998729335,0.3590623245697658,0.0,0.0,1.9248116468013427e-16,0.014042535550353223,0.0,0.0,-2.724372974865444e-18,-4.435971065559806e-05,0.0,0.0,5.965164498276225e-19,0.16312146763400576,0.3590623245697658,1.0000000000829716,0.0,0.0,4.056019671970772e-17,0.2982148550643076,0.0,0.0,9.909693825901115e-18,0.011812453442376691,0.0,0.0,3.305612904519283e-19,-0.04221746080575076,0.0,0.0,0.9999999998672139,0.0,0.0,0.0,0.2985488636531366,0.0,0.0,0.0,0.012073267796431614,0.0,0.0,-0.02110873040287538,0.0,0.0,0.0,0.9999999998672139,0.0,0.0,0.0,0.2985488636531366,0.0,0.0,0.0,0.012073267796431614,0.0,-0.031663095604313074,1.9248116468013427e-16,4.056019671970772e-17,0.0,0.0,0.9999999998672139,-1.132560885484924e-17,0.0,0.0,0.2985488636531366,-1.2676807348230652e-17,0.0,0.0,0.012073267796431614,0.6478015951654817,0.014042535550353223,0.2982148550643076,0.0,0.0,-1.132560885484924e-17,0.9999999999532335,0.0,0.0,1.4766965884347987e-17,0.3397530376079776,0.0,0.0,-2.5986186233267158e-17,-0.3443134470670013,0.0,0.0,0.2985488636531366,0.0,0.0,0.0,0.9999999997896496,0.0,0.0,0.0,0.339868289159216,0.0,0.0,-0.17215672353350064,0.0,0.0,0.0,0.2985488636531366,0.0,0.0,0.0,0.9999999997896496,0.0,0.0,0.0,0.339868289159216,0.0,-0.258235085300251,-2.724372974865444e-18,9.909693825901115e-18,0.0,0.0,0.2985488636531366,1.4766965884347987e-17,0.0,0.0,0.9999999997896496,-1.0081791370836041e-16,0.0,0.0,0.339868289159216,0.4998875313220261,-4.435971065559806e-05,0.011812453442376691,0.0,0.0,-1.2676807348230652e-17,0.3397530376079776,0.0,0.0,-1.0081791370836041e-16,0.9999999045832952,0.0,0.0,-1.6325007938340833e-17,-0.31092900167118154,0.0,0.0,0.012073267796431614,0.0,0.0,0.0,0.339868289159216,0.0,0.0,0.0,0.999999792053151,0.0,0.0,-0.15546450083559077,0.0,0.0,0.0,0.012073267796431614,0.0,0.0,0.0,0.339868289159216,0.0,0.0,0.0,0.999999792053151,0.0,-0.2331967512533861,5.965164498276225e-19,3.305612904519283e-19,0.0,0.0,0.012073267796431614,-2.5986186233267158e-17,0.0,0.0,0.339868289159216,-1.6325007938340833e-17,0.0,0.0,0.999999792053151],"overlap_cols":14,"overlap_rows":14,"positions":[0.0,0.0,0.0,1.0,0.5,0.75]},{"atoms":["He","H"],"basis":"sto-6g","overlap":[0.9999999998407454,0.580800021215388,0.580800021215388,0.9999999998273962],"overlap_cols":2,"overlap_rows":2,"positions":[0.0,0.0,0.0,1.0,0.5,0.75]},{"atoms":["He","He"],"basis":"sto-6g","overlap":[0.9999999998407454,0.5139485700139216,0.5139485700139216,0.9999999998407454],"overlap_cols":2,"overlap_rows":2,"positions":[0.0,0.0,0.0,1.0,0.5,0.75]},{"atoms":["He","Li"],"basis":"sto-6g","overlap":[0.9999999998407454,0.3524113738957946,0.43010295729572984,-0.3250553649850684,-0.1625276824925342,-0.24379152373880122,0.3524113738957946,0.999999999936299,0.2357422096486794,0.0,0.0,9.747398613539674e-18,0.43010295729572984,0.2357422096486794,1.0000000000889053,0.0,0.0,1.1820558637375636e-18,-0.3250553649850684,0.0,0.0,0.9999999997436053,0.0,0.0,-0.1625276824925342,0.0,0.0,0.0,0.9999999997436053,0.0,-0.24379152373880122,9.747398613539674e-18,1.1820558637375636e-18,0.0,0.0,0.9999999997436053],"overlap_cols":6,"overlap_rows":6,"positions":[0.0,0.0,0.0,1.0,0.5,0.75]},{"atoms":["He","Be"],"basis":"sto-6g","overlap":[0.9999999998407454,0.243998961769574,0.5596124854094724,-0.4136357025676525,-0.20681785128382624,-0.3102267769257393,0.243998961769574,0.9999999999148135,0.25476431743983446,0.0,0.0,-1.119103957490228e-17,0.5596124854094724,0.25476431743983446,1.0000000001242302,0.0,0.0,-2.8714164102426008e-18,-0.4136357025676525,0.0,0.0,0.9999999998358337,0.0,0.0,-0.20681785128382624,0.0,0.0,0.0,0.9999999998358337,0.0,-0.3102267769257393,-1.119103957490228e-17,-2.8714164102426008e-18,0.0,0.0,0.9999999998358337],"overlap_cols":6,"overlap_rows":6,"positions":[0.0,0.0,0.0,1.0,0.5,0.75]},{"atoms":["He","B"],"basis":"sto-6g","overlap":[0.9999999998407454,0.17628371667558823,0.6090124758714768,-0.4384970641985952,-0.2192485320992976,-0.3288727981489463,0.17628371667558823,0.9999994012469339,0.2648913270589322,0.0,0.0,4.390916228956631e-18,0.6090124758714768,0.2648913270589322,1.000000094320206,0.0,0.0,1.3078155352788064e-17,-0.4384970641985952,0.0,0.0,1.000000911749165,0.0,0.0,-0.2192485320992976,0.0,0.0,0.0,1.000000911749165,0.0,-0.3288727981489463,4.390916228956631e-18,1.3078155352788064e-17,0.0,0.0,1.000000911749165],"overlap_cols":6,"overlap_rows":6,"positions":[0.0,0.0,0.0,1.0,0.5,0.75]},{"atoms":["He","C"],"basis":"sto-6g","overlap":[0.9999999998407454,0.13376882089667128,0.6122700815634572,-0.4328148138055204,-0.2164074069027602,-0.32461111035414025,0.13376882089667128,0.9999999998873683,0.24322804495640163,0.0,0.0,3.621469375490681e-18,0.6122700815634572,0.24322804495640163,1.0000000000321612,0.0,0.0,-3.76906567995401e-18,-0.4328148138055204,0.0,0.0,0.9999999997451144,0.0,0.0,-0.2164074069027602,0.0,0.0,0.0,0.9999999997451144,0.0,-0.32461111035414025,3.621469375490681e-18,-3.76906567995401e-18,0.0,0.0,0.9999999997451144],"overlap_cols":6,"overlap_rows":6,"positions":[0.0,0.0,0.0,1.0,0.5,0.75]},{"atoms":["He","N"],"basis":"sto-6g","overlap":[0.9999999998407454,0.10522372047588728,0.6010141403998439,-0.4161797394869257,-0.20808986974346286,-0.31213480461519416,0.10522372047588728,0.9999999999016383,0.2294157870660402,0.0,0.0,-4.493134746579626e-18,0.6010141403998439,0.2294157870660402,1.0000000000657512,0.0,0.0,-5.865020894972876e-17,-0.4161797394869257,0.0,0.0,0.9999999998122316,0.0,0.0,-0.20808986974346286,0.0,0.0,0.0,0.9999999998122316,0.0,-0.31213480461519416,-4.493134746579626e-18,-5.865020894972876e-17,0.0,0.0,0.9999999998122316],"overlap_cols":6,"overlap_rows":6,"positions":[0.0,0.0,0.0,1.0,0.5,0.75]},{"atoms":["He","O"],"basis":"sto-6g","overlap":[0.9999999998407454,0.0855580529899463,0.572510322592619,-0.3851356249565729,-0.19256781247828644,-0.28885171871742965,0.0855580529899463,0.9999999998772282,0.23114487652748308,0.0,0.0,-3.3772152537288452e-18,0.572510322592619,0.23114487652748308,1.0000000000438967,0.0,0.0,3.4682866392448304e-17,-0.3851356249565729,0.0,0.0,0.9999999997819744,0.0,0.0,-0.19256781247828644,0.0,0.0,0.0,0.9999999997819744,0.0,-0.28885171871742965,-3.3772152537288452e-18,3.4682866392448304e-17,0.0,0.0,0.9999999997819744],"overlap_cols":6,"overlap_rows":6,"positions":[0.0,0.0,0.0,1.0,0.5,0.75]},{"atoms":["He","F"],"basis":"sto-6g","overlap":[0.9999999998407454,0.07128055753606367,0.5358890978768457,-0.3495033419558169,-0.17475167097790845,-0.26212750646686267,0.07128055753606367,0.999999999895323,0.23247902441421942,0.0,0.0,-4.0747253955834565e-17,0.5358890978768457,0.23247902441421942,0.9999999998960853,0.0,0.0,-2.865781630755497e-17,-0.3495033419558169,0.0,0.0,0.9999999996885898,0.0,0.0,-0.17475167097790845,0.0,0.0,0.0,0.9999999996885898,0.0,-0.26212750646686267,-4.0747253955834565e-17,-2.865781630755497e-17,0.0,0.0,0.9999999996885898],"overlap_cols":6,"overlap_rows":6,"positions":[0.0,0.0,0.0,1.0,0.5,0.75]},{"atoms":["He","Ne"],"basis":"sto-6g","overlap":[0.9999999998407454,0.060555794097714624,0.49238521455692275,-0.30974463268845237,-0.15487231634422619,-0.2323084745163393,0.060555794097714624,0.9999999998786014,0.23744740248151736,0.0,0.0,5.2189901268245524e-17,0.49238521455692275,0.23744740248151736,1.0000000000921911,0.0,0.0,-6.075320085460155e-17,-0.30974463268845237,0.0,0.0,0.9999999998463698,0.0,0.0,-0.15487231634422619,0.0,0.0,0.0,0.9999999998463698,0.0,-0.2323084745163393,5.2189901268245524e-17,-6.075320085460155e-17,0.0,0.0,0.9999999998463698],"overlap_cols":6,"overlap_rows":6,"positions":[0.0,0.0,0.0,1.0,0.5,0.75]},{"atoms":["He","Na"],"basis":"sto-6g","overlap":[0.9999999998407454,0.052416192828174536,0.41588551505975113,-0.24396892804763243,-0.12198446402381621,-0.18297669603572433,0.5767396924082829,-0.4307394795859295,-0.21536973979296475,-0.3230546096894472,0.052416192828174536,0.9999999998338426,0.27435473315420217,0.0,0.0,-3.529513380437901e-18,0.01711098816105713,0.0,0.0,6.494457565054663e-18,0.41588551505975113,0.27435473315420217,1.000000000102191,0.0,0.0,-2.0077013039168313e-16,0.45707208371384694,0.0,0.0,-1.6666090957559537e-17,-0.24396892804763243,0.0,0.0,0.999999999853797,0.0,0.0,0.0,0.4572881795403624,0.0,0.0,-0.12198446402381621,0.0,0.0,0.0,0.999999999853797,0.0,0.0,0.0,0.4572881795403624,0.0,-0.18297669603572433,-3.529513380437901e-18,-2.0077013039168313e-16,0.0,0.0,0.999999999853797,-3.1142505909036454e-17,0.0,0.0,0.4572881795403624,0.5767396924082829,0.01711098816105713,0.45707208371384694,0.0,0.0,-3.1142505909036454e-17,0.9999999999216276,0.0,0.0,-8.8602101711535e-17,-0.4307394795859295,0.0,0.0,0.4572881795403624,0.0,0.0,0.0,0.9999999999642677,0.0,0.0,-0.21536973979296475,0.0,0.0,0.0,0.4572881795403624,0.0,0.0,0.0,0.9999999999642677,0.0,-0.3230546096894472,6.494457565054663e-18,-1.6666090957559537e-17,0.0,0.0,0.4572881795403624,-8.8602101711535e-17,0.0,0.0,0.9999999999642677],"overlap_cols":10,"overlap_rows":10,"positions":[0.0,0.0,0.0,1.0,0.5,0.75]},{"atoms":["He","Mg"],"basis":"sto-6g","overlap":[0.9999999998407454,0.0458877862722603,0.36838840587106014,-0.20532025388466632,-0.10266012694233316,-0.15399019041349973,0.5685317926829172,-0.42577712349333074,-0.21288856174666537,-0.31933284261999817,0.0458877862722603,0.9999999998608853,0.2851208466209322,0.0,0.0,-3.284744329392734e-17,0.012290772178374194,0.0,0.0,-2.5941243549894636e-18,0.36838840587106014,0.2851208466209322,1.0000000000541527,0.0,0.0,-2.9529758234415257e-17,0.36424153611079274,0.0,0.0,2.37606080058087e-18,-0.20532025388466632,0.0,0.0,0.9999999998517722,0.0,0.0,0.0,0.3645283434449336,0.0,0.0,-0.10266012694233316,0.0,0.0,0.0,0.9999999998517722,0.0,0.0,0.0,0.3645283434449336,0.0,-0.15399019041349973,-3.284744329392734e-17,-2.9529758234415257e-17,0.0,0.0,0.9999999998517722,-1.7052935804073228e-17,0.0,0.0,0.3645283434449336,0.5685317926829172,0.012290772178374194,0.36424153611079274,0.0,0.0,-1.7052935804073228e-17,0.9999999999602681,0.0,0.0,-5.372686609708901e-17,-0.42577712349333074,0.0,0.0,0.3645283434449336,0.0,0.0,0.0,0.9999999998646436,0.0,0.0,-0.21288856174666537,0.0,0.0,0.0,0.3645283434449336,0.0,0.0,0.0,0.9999999998646436,0.0,-0.31933284261999817,-2.5941243549894636e-18,2.37606080058087e-18,0.0,0.0,0.3645283434449336,-5.372686609708901e-17,0.0,0.0,0.9999999998646436],"overlap_cols":10,"overlap_rows":10,"positions":[0.0,0.0,0.0,1.0,0.5,0.75]},{"atoms":["He","Al"],"basis":"sto-6g","overlap":[0.9999999998407454,0.040658418630064634,0.3231807105349591,-0.1700850306537452,-0.0850425153268726,-0.12756377299030888,0.5685317926844081,-0.4257771234973816,-0.2128885617486908,-0.3193328426230363,0.040658418630064634,0.9999999998878657,0.2985811513706553,0.0,0.0,-8.332764745483562e-17,0.009760052200734663,0.0,0.0,-8.184050860138053e-18,0.3231807105349591,0.2985811513706553,1.0000000000993696,0.0,0.0,-1.3709098113683457e-16,0.29964030495288607,0.0,0.0,4.241119383559908e-17,-0.1700850306537452,0.0,0.0,0.9999999998150726,0.0,0.0,0.0,0.29997336242161454,0.0,0.0,-0.0850425153268726,0.0,0.0,0.0,0.9999999998150726,0.0,0.0,0.0,0.29997336242161454,0.0,-0.12756377299030888,-8.332764745483562e-17,-1.3709098113683457e-16,0.0,0.0,0.9999999998150726,4.504087621022963e-17,0.0,0.0,0.29997336242161454,0.5685317926844081,0.009760052200734663,0.29964030495288607,0.0,0.0,4.504087621022963e-17,0.9999999999656166,0.0,0.0,-5.3726866098224724e-17,-0.4257771234973816,0.0,0.0,0.29997336242161454,0.0,0.0,0.0,0.999999999879341,0.0,0.0,-0.2128885617486908,0.0,0.0,0.0,0.29997336242161454,0.0,0.0,0.0,0.999999999879341,0.0,-0.3193328426230363,-8.184050860138053e-18,4.241119383559908e-17,0.0,0.0,0.29997336242161454,-5.3726866098224724e-17,0.0,0.0,0.999999999879341],"overlap_cols":10,"overlap_rows":10,"positions":[0.0,0.0,0.0,1.0,0.5,0.75]},{"atoms":["He","Si"],"basis":"sto-6g","overlap":[0.9999999998407454,0.03635192372576853,0.28397994867161125,-0.14086804632551372,-0.07043402316275686,-0.10565103474413529,0.5767396924329574,-0.430739479577101,-0.2153697397885505,-0.3230546096828259,0.03635192372576853,0.999999999918299,0.3110285388032592,0.0,0.0,-8.14084281217781e-17,0.008557556264066218,0.0,0.0,2.683939107804001e-18,0.28397994867161125,0.3110285388032592,1.000000000113885,0.0,0.0,9.392253656150657e-17,0.2613279970313481,0.0,0.0,2.1189269398507175e-18,-0.14086804632551372,0.0,0.0,0.9999999998402366,0.0,0.0,0.0,0.26168505161029804,0.0,0.0,-0.07043402316275686,0.0,0.0,0.0,0.9999999998402366,0.0,0.0,0.0,0.26168505161029804,0.0,-0.10565103474413529,-8.14084281217781e-17,9.392253656150657e-17,0.0,0.0,0.9999999998402366,1.7416378671330107e-17,0.0,0.0,0.26168505161029804,0.5767396924329574,0.008557556264066218,0.2613279970313481,0.0,0.0,1.7416378671330107e-17,1.0000000000067477,0.0,0.0,-9.515311379608069e-17,-0.430739479577101,0.0,0.0,0.26168505161029804,0.0,0.0,0.0,0.9999999999251472,0.0,0.0,-0.2153697397885505,0.0,0.0,0.0,0.26168505161029804,0.0,0.0,0.0,0.9999999999251472,0.0,-0.3230546096828259,2.683939107804001e-18,2.1189269398507175e-18,0.0,0.0,0.26168505161029804,-9.515311379608069e-17,0.0,0.0,0.9999999999251472],"overlap_cols":10,"overlap_rows":10,"positions":[0.0,0.0,0.0,1.0,0.5,0.75]},{"atoms":["He","P"],"basis":"sto-6g","overlap":[0.9999999998407454,0.03275554834480191,0.2503381312648139,-0.11691529083350863,-0.058457645416754314,-0.08768646812513141,0.5960124141465962,-0.4413154846772739,-0.22065774233863694,-0.3309866135079555,0.03275554834480191,0.9999999998791665,0.32265514710006393,0.0,0.0,-9.379262134428165e-17,0.008886583692988568,0.0,0.0,4.665414996822843e-19,0.2503381312648139,0.32265514710006393,1.0000000000600588,0.0,0.0,1.0600752215005749e-16,0.2551424316803608,0.0,0.0,5.934019161527758e-17,-0.11691529083350863,0.0,0.0,0.999999999786484,0.0,0.0,0.0,0.2555030063615374,0.0,0.0,-0.058457645416754314,0.0,0.0,0.0,0.999999999786484,0.0,0.0,0.0,0.2555030063615374,0.0,-0.08768646812513141,-9.379262134428165e-17,1.0600752215005749e-16,0.0,0.0,0.999999999786484,-1.101327189497406e-18,0.0,0.0,0.2555030063615374,0.5960124141465962,0.008886583692988568,0.2551424316803608,0.0,0.0,-1.101327189497406e-18,1.0000000000207367,0.0,0.0,4.7264384571171054e-18,-0.4413154846772739,0.0,0.0,0.2555030063615374,0.0,0.0,0.0,0.999999999844331,0.0,0.0,-0.22065774233863694,0.0,0.0,0.0,0.2555030063615374,0.0,0.0,0.0,0.999999999844331,0.0,-0.3309866135079555,4.665414996822843e-19,5.934019161527758e-17,0.0,0.0,0.2555030063615374,4.7264384571171054e-18,0.0,0.0,0.999999999844331],"overlap_cols":10,"overlap_rows":10,"positions":[0.0,0.0,0.0,1.0,0.5,0.75]},{"atoms":["He","S"],"basis":"sto-6g","overlap":[0.9999999998407454,0.029715593372946474,0.22213218801652806,-0.0977451062958809,-0.04887255314794045,-0.07330882972191065,0.6080845497893249,-0.446148027723013,-0.2230740138615065,-0.33461102079225974,0.029715593372946474,0.9999999998612531,0.33279500477748813,0.0,0.0,-1.419442731963053e-16,0.009180552870924237,0.0,0.0,-1.3992579996517106e-18,0.22213218801652806,0.33279500477748813,1.0000000000837754,0.0,0.0,-7.708634195469746e-17,0.2500010096661743,0.0,0.0,8.12185974566682e-18,-0.0977451062958809,0.0,0.0,0.9999999998136888,0.0,0.0,0.0,0.2503644224832859,0.0,0.0,-0.04887255314794045,0.0,0.0,0.0,0.9999999998136888,0.0,0.0,0.0,0.2503644224832859,0.0,-0.07330882972191065,-1.419442731963053e-16,-7.708634195469746e-17,0.0,0.0,0.9999999998136888,8.966470570863618e-18,0.0,0.0,0.2503644224832859,0.6080845497893249,0.009180552870924237,0.2500010096661743,0.0,0.0,8.966470570863618e-18,0.9999999999602952,0.0,0.0,-1.3738334160728355e-17,-0.446148027723013,0.0,0.0,0.2503644224832859,0.0,0.0,0.0,0.9999999998959261,0.0,0.0,-0.2230740138615065,0.0,0.0,0.0,0.2503644224832859,0.0,0.0,0.0,0.9999999998959261,0.0,-0.33461102079225974,-1.3992579996517106e-18,8.12185974566682e-18,0.0,0.0,0.2503644224832859,-1.3738334160728355e-17,0.0,0.0,0.9999999998959261],"overlap_cols":10,"overlap_rows":10,"positions":[0.0,0.0,0.0,1.0,0.5,0.75]},{"atoms":["He","Cl"],"basis":"sto-6g","overlap":[0.9999999998407454,0.027143413716890656,0.1988628775765621,-0.08264288188515459,-0.041321440942577295,-0.06198216141386598,0.6106921506721319,-0.4466420832214335,-0.22332104161071675,-0.3349815624160751,0.027143413716890656,0.9999999998788668,0.3412400072021605,0.0,0.0,1.52552450742704e-16,0.008267085351916814,0.0,0.0,2.5130473463931027e-18,0.1988628775765621,0.3412400072021605,1.0000000000687195,0.0,0.0,1.0509831784262792e-16,0.22484146968978702,0.0,0.0,-2.2538898139482435e-18,-0.08264288188515459,0.0,0.0,0.9999999997948384,0.0,0.0,0.0,0.22521748593529828,0.0,0.0,-0.041321440942577295,0.0,0.0,0.0,0.9999999997948384,0.0,0.0,0.0,0.22521748593529828,0.0,-0.06198216141386598,1.52552450742704e-16,1.0509831784262792e-16,0.0,0.0,0.9999999997948384,2.0871204709314555e-17,0.0,0.0,0.22521748593529828,0.6106921506721319,0.008267085351916814,0.22484146968978702,0.0,0.0,2.0871204709314555e-17,1.000000000010597,0.0,0.0,1.3209342823862589e-17,-0.4466420832214335,0.0,0.0,0.22521748593529828,0.0,0.0,0.0,0.9999999998473738,0.0,0.0,-0.22332104161071675,0.0,0.0,0.0,0.22521748593529828,0.0,0.0,0.0,0.9999999998473738,0.0,-0.3349815624160751,2.5130473463931027e-18,-2.2538898139482435e-18,0.0,0.0,0.22521748593529828,1.3209342823862589e-17,0.0,0.0,0.9999999998473738],"overlap_cols":10,"overlap_rows":10,"positions":[0.0,0.0,0.0,1.0,0.5,0.75]},{"atoms":["He","Ar"],"basis":"sto-6g","overlap":[0.9999999998407454,0.02490066517522908,0.17873723104485478,-0.07016716459386234,-0.03508358229693117,-0.05262537344539672,0.6149542393155197,-0.4429177352997077,-0.22145886764985384,-0.33218830147478073,0.02490066517522908,0.9999999998973024,0.3491703292151661,0.0,0.0,-3.036237476967043e-17,0.009462642449002913,0.0,0.0,1.2087182767481414e-18,0.17873723104485478,0.3491703292151661,1.0000000000378777,0.0,0.0,-2.275271337954396e-17,0.2386244667240683,0.0,0.0,6.407035274474286e-17,-0.07016716459386234,0.0,0.0,0.9999999997446637,0.0,0.0,0.0,0.23899385583127922,0.0,0.0,-0.03508358229693117,0.0,0.0,0.0,0.9999999997446637,0.0,0.0,0.0,0.23899385583127922,0.0,-0.05262537344539672,-3.036237476967043e-17,-2.275271337954396e-17,0.0,0.0,0.9999999997446637,9.355110719909879e-18,0.0,0.0,0.23899385583127922,0.6149542393155197,0.009462642449002913,0.2386244667240683,0.0,0.0,9.355110719909879e-18,0.9999999999815551,0.0,0.0,-3.4858610986150055e-18,-0.4429177352997077,0.0,0.0,0.23899385583127922,0.0,0.0,0.0,0.9999999999134078,0.0,0.0,-0.22145886764985384,0.0,0.0,0.0,0.23899385583127922,0.0,0.0,0.0,0.9999999999134078,0.0,-0.33218830147478073,1.2087182767481414e-18,6.407035274474286e-17,0.0,0.0,0.23899385583127922,-3.4858610986150055e-18,0.0,0.0,0.9999999999134078],"overlap_cols":10,"overlap_rows":10,"positions":[0.0,0.0,0.0,1.0,0.5,0.75]},{"atoms":["He","K"],"basis":"sto-6g","overlap":[0.9999999998407454,0.022507348401710498,0.16031046536424465,-0.059278729173635206,-0.029639364586817603,-0.04445904688022638,0.5983602370317107,-0.4178434969981461,-0.20892174849907305,-0.3133826227486095,0.3647983490827508,-0.2839306630251053,-0.14196533151255264,-0.21294799726882896,0.022507348401710498,0.9999999999141596,0.35260717393240215,0.0,0.0,4.913475502510355e-17,0.012553132128621788,0.0,0.0,7.351891500387057e-18,-8.510980701113401e-07,0.0,0.0,-1.6919617350128194e-20,0.16031046536424465,0.35260717393240215,1.0000000000576894,0.0,0.0,1.9656260508735363e-16,0.2841248042565071,0.0,0.0,5.075786740273979e-17,0.017520629389872793,0.0,0.0,1.1932134408968172e-18,-0.059278729173635206,0.0,0.0,0.9999999998236248,0.0,0.0,0.0,0.2844679917572092,0.0,0.0,0.0,0.01778111802436905,0.0,0.0,-0.029639364586817603,0.0,0.0,0.0,0.9999999998236248,0.0,0.0,0.0,0.2844679917572092,0.0,0.0,0.0,0.01778111802436905,0.0,-0.04445904688022638,4.913475502510355e-17,1.9656260508735363e-16,0.0,0.0,0.9999999998236248,-4.81101520000888e-17,0.0,0.0,0.2844679917572092,5.142859801866342e-17,0.0,0.0,0.01778111802436905,0.5983602370317107,0.012553132128621788,0.2841248042565071,0.0,0.0,-4.81101520000888e-17,1.0000000000166058,0.0,0.0,-7.03809262518629e-17,0.44303516912033836,0.0,0.0,-1.3094366382451022e-17,-0.4178434969981461,0.0,0.0,0.2844679917572092,0.0,0.0,0.0,0.9999999998775975,0.0,0.0,0.0,0.44311842618835523,0.0,0.0,-0.20892174849907305,0.0,0.0,0.0,0.2844679917572092,0.0,0.0,0.0,0.9999999998775975,0.0,0.0,0.0,0.44311842618835523,0.0,-0.3133826227486095,7.351891500387057e-18,5.075786740273979e-17,0.0,0.0,0.2844679917572092,-7.03809262518629e-17,0.0,0.0,0.9999999998775975,3.538388733356911e-18,0.0,0.0,0.44311842618835523,0.3647983490827508,-8.510980701113401e-07,0.017520629389872793,0.0,0.0,5.142859801866342e-17,0.44303516912033836,0.0,0.0,3.538388733356911e-18,0.9999999045757836,0.0,0.0,-8.706645707359071e-18,-0.2839306630251053,0.0,0.0,0.01778111802436905,0.0,0.0,0.0,0.44311842618835523,0.0,0.0,0.0,0.9999997920840337,0.0,0.0,-0.14196533151255264,0.0,0.0,0.0,0.01778111802436905,0.0,0.0,0.0,0.443118426