{"results":[{"atoms":["H","H"],"basis":"sto-3g","overlap":[0.9999999908898001,0.6779385105496424,0.6779385105496424,0.9999999908898001],"overlap_cols":2,"overlap_rows":2,"positions":[0.0,0.0,0.0,1.0,0.5,0.75]},{"atoms":["H","He"],"basis":"sto-3g","overlap":[0.9999999908898001,0.5805292239383391,0.5805292239383391,0.9999999941910839],"overlap_cols":2,"overlap_rows":2,"positions":[0.0,0.0,0.0,1.0,0.5,0.75]},{"atoms":["H","Li"],"basis":"sto-3g","overlap":[0.9999999908898001,0.3866197353779688,0.5856180041930474,-0.355063414960475,-0.1775317074802375,-0.26629756122035625,0.3866197353779688,0.9999999954918732,0.24113665111145952,0.0,0.0,-2.7743887240807194e-18,0.5856180041930474,0.24113665111145952,1.0000000039071326,0.0,0.0,4.4409317503464927e-17,-0.355063414960475,0.0,0.0,1.0000000636562139,0.0,0.0,-0.1775317074802375,0.0,0.0,0.0,1.0000000636562139,0.0,-0.26629756122035625,-2.7743887240807194e-18,4.4409317503464927e-17,0.0,0.0,1.0000000636562139],"overlap_cols":6,"overlap_rows":6,"positions":[0.0,0.0,0.0,1.0,0.5,0.75]},{"atoms":["H","Be"],"basis":"sto-3g","overlap":[0.9999999908898001,0.2662068066017283,0.708496093145335,-0.4158603207000649,-0.20793016035003245,-0.31189524052504863,0.2662068066017283,0.9999999999673272,0.25951725962830435,0.0,0.0,3.2280403750634305e-17,0.708496093145335,0.25951725962830435,0.9999999694829664,0.0,0.0,3.123772540952313e-17,-0.4158603207000649,0.0,0.0,0.9999999019355185,0.0,0.0,-0.20793016035003245,0.0,0.0,0.0,0.9999999019355185,0.0,-0.31189524052504863,3.2280403750634305e-17,3.123772540952313e-17,0.0,0.0,0.9999999019355185],"overlap_cols":6,"overlap_rows":6,"positions":[0.0,0.0,0.0,1.0,0.5,0.75]},{"atoms":["H","B"],"basis":"sto-3g","overlap":[0.9999999908898001,0.19268455589125882,0.7323674747835422,-0.41623390510731356,-0.20811695255365678,-0.3121754288304852,0.19268455589125882,0.9999999920581298,0.26932779361539083,0.0,0.0,-1.5679316087320198e-17,0.7323674747835422,0.26932779361539083,1.0000000398872528,0.0,0.0,-1.9526931315682797e-17,-0.41623390510731356,0.0,0.0,1.0000000489425633,0.0,0.0,-0.20811695255365678,0.0,0.0,0.0,1.0000000489425633,0.0,-0.3121754288304852,-1.5679316087320198e-17,-1.9526931315682797e-17,0.0,0.0,1.0000000489425633],"overlap_cols":6,"overlap_rows":6,"positions":[0.0,0.0,0.0,1.0,0.5,0.75]},{"atoms":["H","C"],"basis":"sto-3g","overlap":[0.9999999908898001,0.14686532456979548,0.7186590764981735,-0.3997134441310045,-0.19985672206550226,-0.29978508309825347,0.14686532456979548,0.9999999998812691,0.2483623901066388,0.0,0.0,-3.881643964998268e-17,0.7186590764981735,0.2483623901066388,0.9999999984802173,0.0,0.0,-7.544899400254768e-17,-0.3997134441310045,0.0,0.0,0.9999999729969503,0.0,0.0,-0.19985672206550226,0.0,0.0,0.0,0.9999999729969503,0.0,-0.29978508309825347,-3.881643964998268e-17,-7.544899400254768e-17,0.0,0.0,0.9999999729969503],"overlap_cols":6,"overlap_rows":6,"positions":[0.0,0.0,0.0,1.0,0.5,0.75]},{"atoms":["H","N"],"basis":"sto-3g","overlap":[0.9999999908898001,0.11609992663173849,0.6913886550997858,-0.3754501517019617,-0.18772507585098086,-0.2815876137764714,0.11609992663173849,0.9999999957499698,0.23503776844919538,0.0,0.0,3.087065515510378e-17,0.6913886550997858,0.23503776844919538,1.000000031136258,0.0,0.0,9.860199822170142e-18,-0.3754501517019617,0.0,0.0,1.00000001877646,0.0,0.0,-0.18772507585098086,0.0,0.0,0.0,1.00000001877646,0.0,-0.2815876137764714,3.087065515510378e-17,9.860199822170142e-18,0.0,0.0,1.00000001877646],"overlap_cols":6,"overlap_rows":6,"positions":[0.0,0.0,0.0,1.0,0.5,0.75]},{"atoms":["H","O"],"basis":"sto-3g","overlap":[0.9999999908898001,0.09481879632918266,0.645575807783333,-0.33913710253804524,-0.16956855126902262,-0.25435282690353395,0.09481879632918266,1.0000000165470364,0.23670394164997102,0.0,0.0,-6.984148791777016e-17,0.645575807783333,0.23670394164997102,1.0000000268753375,0.0,0.0,6.111730465664978e-17,-0.33913710253804524,0.0,0.0,1.0000000195212952,0.0,0.0,-0.16956855126902262,0.0,0.0,0.0,1.0000000195212952,0.0,-0.25435282690353395,-6.984148791777016e-17,6.111730465664978e-17,0.0,0.0,1.0000000195212952],"overlap_cols":6,"overlap_rows":6,"positions":[0.0,0.0,0.0,1.0,0.5,0.75]},{"atoms":["H","F"],"basis":"sto-3g","overlap":[0.9999999908898001,0.07928474884015352,0.5955602975981863,-0.3021009879770243,-0.15105049398851214,-0.22657574098276823,0.07928474884015352,0.9999999986333591,0.23798988410598415,0.0,0.0,4.063386597244666e-18,0.5955602975981863,0.23798988410598415,1.0000000176910975,0.0,0.0,-2.0901980542584494e-16,-0.3021009879770243,0.0,0.0,1.0000000030257241,0.0,0.0,-0.15105049398851214,0.0,0.0,0.0,1.0000000030257241,0.0,-0.22657574098276823,4.063386597244666e-18,-2.0901980542584494e-16,0.0,0.0,1.0000000030257241],"overlap_cols":6,"overlap_rows":6,"positions":[0.0,0.0,0.0,1.0,0.5,0.75]},{"atoms":["H","Ne"],"basis":"sto-3g","overlap":[0.9999999908898001,0.06755349419326451,0.5410365922740763,-0.26363973731228335,-0.13181986865614168,-0.19772980298421258,0.06755349419326451,0.9999999890536198,0.2427816603840991,0.0,0.0,-4.736316978976503e-17,0.5410365922740763,0.2427816603840991,1.0000000237949807,0.0,0.0,-1.1177044933421637e-16,-0.26363973731228335,0.0,0.0,1.000000008711912,0.0,0.0,-0.13181986865614168,0.0,0.0,0.0,1.000000008711912,0.0,-0.19772980298421258,-4.736316978976503e-17,-1.1177044933421637e-16,0.0,0.0,1.000000008711912],"overlap_cols":6,"overlap_rows":6,"positions":[0.0,0.0,0.0,1.0,0.5,0.75]},{"atoms":["H","Na"],"basis":"sto-3g","overlap":[0.9999999908898001,0.05860790701597512,0.4514460046131722,-0.20382107057164395,-0.10191053528582197,-0.15286580292873292,0.7173924602113118,-0.4242704020404942,-0.2121352010202471,-0.31820280153037067,0.05860790701597512,1.0000000038608619,0.27851197249683174,0.0,0.0,2.8800270216122054e-17,0.022282683732233903,0.0,0.0,3.977342941417826e-18,0.4514460046131722,0.27851197249683174,0.9999999958763471,0.0,0.0,0.0,0.4494895684997774,0.0,0.0,5.912113106703511e-19,-0.20382107057164395,0.0,0.0,0.9999999914732438,0.0,0.0,0.0,0.46176791590325045,0.0,0.0,-0.10191053528582197,0.0,0.0,0.0,0.9999999914732438,0.0,0.0,0.0,0.46176791590325045,0.0,-0.15286580292873292,2.8800270216122054e-17,0.0,0.0,0.0,0.9999999914732438,1.1938107901657169e-18,0.0,0.0,0.46176791590325045,0.7173924602113118,0.022282683732233903,0.4494895684997774,0.0,0.0,1.1938107901657169e-18,0.9999999909405768,0.0,0.0,-1.0529756819815262e-17,-0.4242704020404942,0.0,0.0,0.46176791590325045,0.0,0.0,0.0,0.9999999924283259,0.0,0.0,-0.2121352010202471,0.0,0.0,0.0,0.46176791590325045,0.0,0.0,0.0,0.9999999924283259,0.0,-0.31820280153037067,3.977342941417826e-18,5.912113106703511e-19,0.0,0.0,0.46176791590325045,-1.0529756819815262e-17,0.0,0.0,0.9999999924283259],"overlap_cols":10,"overlap_rows":10,"positions":[0.0,0.0,0.0,1.0,0.5,0.75]},{"atoms":["H","Mg"],"basis":"sto-3g","overlap":[0.9999999908898001,0.051404287560757225,0.3981804766648135,-0.17009450613542904,-0.08504725306771452,-0.12757087960157182,0.7123733994408341,-0.42270748617708037,-0.21135374308854019,-0.3170306146328103,0.051404287560757225,1.0000000306815948,0.28897714447773654,0.0,0.0,-1.5363081135237078e-17,0.017480022905457096,0.0,0.0,-8.396040361496232e-18,0.3981804766648135,0.28897714447773654,0.9999999029703603,0.0,0.0,0.0,0.3563247326973267,0.0,0.0,-4.3241848107852766e-17,-0.17009450613542904,0.0,0.0,0.9999999075140239,0.0,0.0,0.0,0.3700159298323013,0.0,0.0,-0.08504725306771452,0.0,0.0,0.0,0.9999999075140239,0.0,0.0,0.0,0.3700159298323013,0.0,-0.12757087960157182,-1.5363081135237078e-17,0.0,0.0,0.0,0.9999999075140239,6.761571714278578e-17,0.0,0.0,0.3700159298323013,0.7123733994408341,0.017480022905457096,0.3563247326973267,0.0,0.0,6.761571714278578e-17,1.0000001748298901,0.0,0.0,1.3123759528626568e-17,-0.42270748617708037,0.0,0.0,0.3700159298323013,0.0,0.0,0.0,1.0000006677099031,0.0,0.0,-0.21135374308854019,0.0,0.0,0.0,0.3700159298323013,0.0,0.0,0.0,1.0000006677099031,0.0,-0.3170306146328103,-8.396040361496232e-18,-4.3241848107852766e-17,0.0,0.0,0.3700159298323013,1.3123759528626568e-17,0.0,0.0,1.0000006677099031],"overlap_cols":10,"overlap_rows":10,"positions":[0.0,0.0,0.0,1.0,0.5,0.75]},{"atoms":["H","Al"],"basis":"sto-3g","overlap":[0.9999999908898001,0.04561459251201797,0.34856398038772407,-0.13996139396394744,-0.06998069698197372,-0.1049710454729606,0.7123732514695227,-0.42270735955352334,-0.21135367977676167,-0.31703051966514256,0.04561459251201797,1.0000000000755773,0.3020864174002996,0.0,0.0,1.6567204048571146e-17,0.01486348583750599,0.0,0.0,-1.906205266095109e-20,0.34856398038772407,0.3020864174002996,1.0000000000659104,0.0,0.0,0.0,0.29204243449026673,0.0,0.0,6.535937667777643e-18,-0.13996139396394744,0.0,0.0,0.9999999999850966,0.0,0.0,0.0,0.3062723013928532,0.0,0.0,-0.06998069698197372,0.0,0.0,0.0,0.9999999999850966,0.0,0.0,0.0,0.3062723013928532,0.0,-0.1049710454729606,1.6567204048571146e-17,0.0,0.0,0.0,0.9999999999850966,7.135201835511597e-17,0.0,0.0,0.3062723013928532,0.7123732514695227,0.01486348583750599,0.29204243449026673,0.0,0.0,7.135201835511597e-17,0.999999999958474,0.0,0.0,-9.984920834856447e-17,-0.42270735955352334,0.0,0.0,0.3062723013928532,0.0,0.0,0.0,1.000000000170465,0.0,0.0,-0.21135367977676167,0.0,0.0,0.0,0.3062723013928532,0.0,0.0,0.0,1.000000000170465,0.0,-0.31703051966514256,-1.906205266095109e-20,6.535937667777643e-18,0.0,0.0,0.3062723013928532,-9.984920834856447e-17,0.0,0.0,1.000000000170465],"overlap_cols":10,"overlap_rows":10,"positions":[0.0,0.0,0.0,1.0,0.5,0.75]},{"atoms":["H","Si"],"basis":"sto-3g","overlap":[0.9999999908898001,0.04083323541142234,0.3061679187333827,-0.11531152417865022,-0.05765576208932511,-0.0864836431339877,0.7173924618662024,-0.4242704028546702,-0.2121352014273351,-0.31820280214100255,0.04083323541142234,1.000000000067122,0.3142327948130562,0.0,0.0,2.686513029745732e-17,0.013583326100652666,0.0,0.0,-2.365038521846679e-18,0.3061679187333827,0.3142327948130562,1.0000000000450622,0.0,0.0,-2.7414467136441934e-16,0.254224576530908,0.0,0.0,-6.014316523361351e-18,-0.11531152417865022,0.0,0.0,0.9999999999594782,0.0,0.0,0.0,0.26851603953766084,0.0,0.0,-0.05765576208932511,0.0,0.0,0.0,0.9999999999594782,0.0,0.0,0.0,0.26851603953766084,0.0,-0.0864836431339877,2.686513029745732e-17,-2.7414467136441934e-16,0.0,0.0,0.9999999999594782,2.8441483637975204e-17,0.0,0.0,0.26851603953766084,0.7173924618662024,0.013583326100652666,0.254224576530908,0.0,0.0,2.8441483637975204e-17,0.9999999999841659,0.0,0.0,0.0,-0.4242704028546702,0.0,0.0,0.26851603953766084,0.0,0.0,0.0,1.0000000001291265,0.0,0.0,-0.2121352014273351,0.0,0.0,0.0,0.26851603953766084,0.0,0.0,0.0,1.0000000001291265,0.0,-0.31820280214100255,-2.365038521846679e-18,-6.014316523361351e-18,0.0,0.0,0.26851603953766084,0.0,0.0,0.0,1.0000000001291265],"overlap_cols":10,"overlap_rows":10,"positions":[0.0,0.0,0.0,1.0,0.5,0.75]},{"atoms":["H","P"],"basis":"sto-3g","overlap":[0.9999999908898001,0.03683086004201063,0.2701297176242678,-0.09529021657881313,-0.04764510828940657,-0.07146766243410987,0.7266292469294161,-0.425317725746669,-0.2126588628733345,-0.31898829431000175,0.03683086004201063,1.0000000000523772,0.3255977542746727,0.0,0.0,6.597983968658782e-17,0.013936533393935226,0.0,0.0,4.837467346315403e-19,0.2701297176242678,0.3255977542746727,1.0000000000683527,0.0,0.0,-1.8324044063862982e-17,0.24814490977266668,0.0,0.0,-1.905947372337378e-17,-0.09529021657881313,0.0,0.0,1.0000000000615117,0.0,0.0,0.0,0.2624232398983691,0.0,0.0,-0.04764510828940657,0.0,0.0,0.0,1.0000000000615117,0.0,0.0,0.0,0.2624232398983691,0.0,-0.07146766243410987,6.597983968658782e-17,-1.8324044063862982e-17,0.0,0.0,1.0000000000615117,-1.3061445678305503e-16,0.0,0.0,0.2624232398983691,0.7266292469294161,0.013936533393935226,0.24814490977266668,0.0,0.0,-1.3061445678305503e-16,0.9999999999509157,0.0,0.0,2.0790793125119845e-17,-0.425317725746669,0.0,0.0,0.2624232398983691,0.0,0.0,0.0,1.000000000083365,0.0,0.0,-0.2126588628733345,0.0,0.0,0.0,0.2624232398983691,0.0,0.0,0.0,1.000000000083365,0.0,-0.31898829431000175,4.837467346315403e-19,-1.905947372337378e-17,0.0,0.0,0.2624232398983691,2.0790793125119845e-17,0.0,0.0,1.000000000083365],"overlap_cols":10,"overlap_rows":10,"positions":[0.0,0.0,0.0,1.0,0.5,0.75]},{"atoms":["H","S"],"basis":"sto-3g","overlap":[0.9999999908898001,0.03344097227407423,0.24009256509279717,-0.0793798672845982,-0.0396899336422991,-0.05953490046344872,0.7284524048295297,-0.4217757118694982,-0.2108878559347491,-0.31633178390212363,0.03344097227407423,1.000000000023613,0.33552408368766706,0.0,0.0,1.8703639557350783e-16,0.014250163868440788,0.0,0.0,0.0,0.24009256509279717,0.33552408368766706,1.0000000000365745,0.0,0.0,-4.6096741523134665e-17,0.2430975709208844,0.0,0.0,-4.98529280105398e-18,-0.0793798672845982,0.0,0.0,0.9999999999660552,0.0,0.0,0.0,0.2573594668258102,0.0,0.0,-0.0396899336422991,0.0,0.0,0.0,0.9999999999660552,0.0,0.0,0.0,0.2573594668258102,0.0,-0.05953490046344872,1.8703639557350783e-16,-4.6096741523134665e-17,0.0,0.0,0.9999999999660552,-9.395188257802079e-17,0.0,0.0,0.2573594668258102,0.7284524048295297,0.014250163868440788,0.2430975709208844,0.0,0.0,-9.395188257802079e-17,0.999999999985828,0.0,0.0,-8.563936948777032e-17,-0.4217757118694982,0.0,0.0,0.2573594668258102,0.0,0.0,0.0,1.0000000000837792,0.0,0.0,-0.2108878559347491,0.0,0.0,0.0,0.2573594668258102,0.0,0.0,0.0,1.0000000000837792,0.0,-0.31633178390212363,0.0,-4.98529280105398e-18,0.0,0.0,0.2573594668258102,-8.563936948777032e-17,0.0,0.0,1.0000000000837792],"overlap_cols":10,"overlap_rows":10,"positions":[0.0,0.0,0.0,1.0,0.5,0.75]},{"atoms":["H","Cl"],"basis":"sto-3g","overlap":[0.9999999908898001,0.030567875072364126,0.21539172608876678,-0.06691950624364898,-0.03345975312182449,-0.05018962968273671,0.727680075684112,-0.4197529520724883,-0.20987647603624415,-0.31481471405436623,0.030567875072364126,1.0000000000292673,0.3438012307345918,0.0,0.0,-1.1223156000068975e-16,0.013269470032356477,0.0,0.0,0.0,0.21539172608876678,0.3438012307345918,1.0000000000644778,0.0,0.0,3.1653771267221055e-17,0.21848363015984934,0.0,0.0,4.19689427154039e-17,-0.06691950624364898,0.0,0.0,1.0000000000063685,0.0,0.0,0.0,0.23258553923826425,0.0,0.0,-0.03345975312182449,0.0,0.0,0.0,1.0000000000063685,0.0,0.0,0.0,0.23258553923826425,0.0,-0.05018962968273671,-1.1223156000068975e-16,3.1653771267221055e-17,0.0,0.0,1.0000000000063685,7.980530765682622e-17,0.0,0.0,0.23258553923826425,0.727680075684112,0.013269470032356477,0.21848363015984934,0.0,0.0,7.980530765682622e-17,0.9999999999258795,0.0,0.0,1.621172227980815e-17,-0.4197529520724883,0.0,0.0,0.23258553923826425,0.0,0.0,0.0,1.0000000001346054,0.0,0.0,-0.20987647603624415,0.0,0.0,0.0,0.23258553923826425,0.0,0.0,0.0,1.0000000001346054,0.0,-0.31481471405436623,0.0,4.19689427154039e-17,0.0,0.0,0.23258553923826425,1.621172227980815e-17,0.0,0.0,1.0000000001346054],"overlap_cols":10,"overlap_rows":10,"positions":[0.0,0.0,0.0,1.0,0.5,0.75]},{"atoms":["H","Ar"],"basis":"sto-3g","overlap":[0.9999999908898001,0.02805914936302258,0.1940544970802742,-0.05667978073256826,-0.02833989036628413,-0.042509835549426174,0.717057863512041,-0.4062362924149644,-0.2031181462074822,-0.3046772193112233,0.02805914936302258,1.0000000000345943,0.3515818714974201,0.0,0.0,-2.7889676271123e-16,0.014549503660806824,0.0,0.0,-3.634986008568534e-18,0.1940544970802742,0.3515818714974201,0.9999999999836635,0.0,0.0,3.297356851365887e-16,0.23194964495980158,0.0,0.0,1.7640223381240574e-17,-0.05667978073256826,0.0,0.0,0.9999999999461242,0.0,0.0,0.0,0.2461562855549197,0.0,0.0,-0.02833989036628413,0.0,0.0,0.0,0.9999999999461242,0.0,0.0,0.0,0.2461562855549197,0.0,-0.042509835549426174,-2.7889676271123e-16,3.297356851365887e-16,0.0,0.0,0.9999999999461242,2.169690785999351e-17,0.0,0.0,0.2461562855549197,0.717057863512041,0.014549503660806824,0.23194964495980158,0.0,0.0,2.169690785999351e-17,0.9999999999443339,0.0,0.0,0.0,-0.4062362924149644,0.0,0.0,0.2461562855549197,0.0,0.0,0.0,1.0000000001161762,0.0,0.0,-0.2031181462074822,0.0,0.0,0.0,0.2461562855549197,0.0,0.0,0.0,1.0000000001161762,0.0,-0.3046772193112233,-3.634986008568534e-18,1.7640223381240574e-17,0.0,0.0,0.2461562855549197,0.0,0.0,0.0,1.0000000001161762],"overlap_cols":10,"overlap_rows":10,"positions":[0.0,0.0,0.0,1.0,0.5,0.75]},{"atoms":["H","K"],"basis":"sto-3g","overlap":[0.9999999908898001,0.02537832902141554,0.1745136820988631,-0.04778616618833273,-0.023893083094166365,-0.03583962464124957,0.6774863123305302,-0.3702149035041499,-0.18510745175207494,-0.2776611776281124,0.5267729446065935,-0.3279109928471855,-0.16395549642359275,-0.24593324463538907,0.02537832902141554,1.0000000000860465,0.35495616814808995,0.0,0.0,1.0037539091435641e-16,0.01774654812994822,0.0,0.0,0.0,-0.0004115122511879118,0.0,0.0,4.6205892748859865e-20,0.1745136820988631,0.35495616814808995,1.0000000000939169,0.0,0.0,0.0,0.27669550583794683,0.0,0.0,9.306777030888197e-17,0.014113766790345678,0.0,0.0,-3.6258736368226315e-18,-0.04778616618833273,0.0,0.0,1.0000000000370257,0.0,0.0,0.0,0.29097789992075573,0.0,0.0,0.0,0.025607715765984092,0.0,0.0,-0.023893083094166365,0.0,0.0,0.0,1.0000000000370257,0.0,0.0,0.0,0.29097789992075573,0.0,0.0,0.0,0.025607715765984092,0.0,-0.03583962464124957,1.0037539091435641e-16,0.0,0.0,0.0,1.0000000000370257,1.7134453939313893e-16,0.0,0.0,0.29097789992075573,-2.990655203257874e-17,0.0,0.0,0.025607715765984092,0.6774863123305302,0.01774654812994822,0.27669550583794683,0.0,0.0,1.7134453939313893e-16,1.00000000000127,0.0,0.0,1.7320849861599692e-16,0.4370557070355313,0.0,0.0,-2.782765002099442e-18,-0.3702149035041499,0.0,0.0,0.29097789992075573,0.0,0.0,0.0,1.000000000157332,0.0,0.0,0.0,0.44569476111133094,0.0,0.0,-0.18510745175207494,0.0,0.0,0.0,0.29097789992075573,0.0,0.0,0.0,1.000000000157332,0.0,0.0,0.0,0.44569476111133094,0.0,-0.2776611776281124,0.0,9.306777030888197e-17,0.0,0.0,0.29097789992075573,1.7320849861599692e-16,0.0,0.0,1.000000000157332,-3.6904919571147566e-17,0.0,0.0,0.44569476111133094,0.5267729446065935,-0.0004115122511879118,0.014113766790345678,0.0,0.0,-2.990655203257874e-17,0.4370557070355313,0.0,0.0,-3.6904919571147566e-17,1.0000000008378935,0.0,0.0,-6.985092277622372e-17,-0.3279109928471855,0.0,0.0,0.025607715765984092,0.0,0.0,0.0,0.44569476111133094,0.0,0.0,0.0,1.0000000001120493,0.0,0.0,-0.16395549642359275,0.0,0.0,0.0,0.025607715765984092,0.0,0.0,0.0,0.44569476111133094,0.0,0.0,0.0,1.0000000001120493,0.0,-0.24593324463538907,4.6205892748859865e-20,-3.6258736368226315e-18,0.0,0.0,0.025607715765984092,-2.782765002099442e-18,0.0,0.0,0.44569476111133094,-6.985092277622372e-17,0.0,0.0,1.0000000001120493],"overlap_cols":14,"overlap_rows":14,"positions":[0.0,0.0,0.0,1.0,0.5,0.75]},{"atoms":["H","Ca"],"basis":"sto-3g","overlap":[0.9999999908898001,0.02352274327322203,0.1591447094671699,-0.041153639329805404,-0.020576819664902702,-0.03086522949735405,0.6459939447704595,-0.34458241013449653,-0.17229120506724827,-0.2584368076008724,0.4983652948869604,-0.3113773577489971,-0.15568867887449855,-0.23353301831174783,0.02352274327322203,1.0000000000421094,0.3612975331182304,0.0,0.0,1.1697887623743127e-17,0.01924679746066974,0.0,0.0,1.7125017183357205e-17,-0.00039678845501459406,0.0,0.0,3.0856320040631306e-19,0.1591447094671699,0.3612975331182304,1.000000000081856,0.0,0.0,2.0055105715777846e-16,0.29063079754566334,0.0,0.0,5.656214210700896e-18,0.00904244658823769,0.0,0.0,6.943006943167184e-18,-0.041153639329805404,0.0,0.0,1.000000000036644,0.0,0.0,0.0,0.30486692126987586,0.0,0.0,0.0,0.019024444269119662,0.0,0.0,-0.020576819664902702,0.0,0.0,0.0,1.000000000036644,0.0,0.0,0.0,0.30486692126987586,0.0,0.0,0.0,0.019024444269119662,0.0,-0.03086522949735405,1.1697887623743127e-17,2.0055105715777846e-16,0.0,0.0,1.000000000036644,4.024003486421106e-17,0.0,0.0,0.30486692126987586,2.5354901765960466e-17,0.0,0.0,0.019024444269119662,0.6459939447704595,0.01924679746066974,0.29063079754566334,0.0,0.0,4.024003486421106e-17,1.000000000017551,0.0,0.0,0.0,0.33272397245200314,0.0,0.0,1.6901624727598753e-17,-0.34458241013449653,0.0,0.0,0.30486692126987586,0.0,0.0,0.0,1.0000000003745315,0.0,0.0,0.0,0.3439264166844676,0.0,0.0,-0.17229120506724827,0.0,0.0,0.0,0.30486692126987586,0.0,0.0,0.0,1.0000000003745315,0.0,0.0,0.0,0.3439264166844676,0.0,-0.2584368076008724,1.7125017183357205e-17,5.656214210700896e-18,0.0,0.0,0.30486692126987586,0.0,0.0,0.0,1.0000000003745315,-5.792035109584987e-17,0.0,0.0,0.3439264166844676,0.4983652948869604,-0.00039678845501459406,0.00904244658823769,0.0,0.0,2.5354901765960466e-17,0.33272397245200314,0.0,0.0,-5.792035109584987e-17,1.0000000007035674,0.0,0.0,-1.786838579728959e-17,-0.3113773577489971,0.0,0.0,0.019024444269119662,0.0,0.0,0.0,0.3439264166844676,0.0,0.0,0.0,1.0000000001228566,0.0,0.0,-0.15568867887449855,0.0,0.0,0.0,0.019024444269119662,0.0,0.0,0.0,0.3439264166844676,0.0,0.0,0.0,1.0000000001228566,0.0,-0.23353301831174783,3.0856320040631306e-19,6.943006943167184e-18,0.0,0.0,0.019024444269119662,1.6901624727598753e-17,0.0,0.0,0.3439264166844676,-1.786838579728959e-17,0.0,0.0,1.0000000001228566],"overlap_cols":14,"overlap_rows":14,"positions":[0.0,0.0,0.0,1.0,0.5,0.75]},{"atoms":["He","H"],"basis":"sto-3g","overlap":[0.9999999941910839,0.5805292239383391,0.5805292239383391,0.9999999908898001],"overlap_cols":2,"overlap_rows":2,"positions":[0.0,0.0,0.0,1.0,0.5,0.75]},{"atoms":["He","He"],"basis":"sto-3g","overlap":[0.9999999941910839,0.5137480806563319,0.5137480806563319,0.9999999941910839],"overlap_cols":2,"overlap_rows":2,"positions":[0.0,0.0,0.0,1.0,0.5,0.75]},{"atoms":["He","Li"],"basis":"sto-3g","overlap":[0.9999999941910839,0.3512694114804833,0.425325500329904,-0.3254552606200916,-0.1627276303100458,-0.24409144546506867,0.3512694114804833,0.9999999954918732,0.24113665111145952,0.0,0.0,-2.7743887240807194e-18,0.425325500329904,0.24113665111145952,1.0000000039071326,0.0,0.0,4.4409317503464927e-17,-0.3254552606200916,0.0,0.0,1.0000000636562139,0.0,0.0,-0.1627276303100458,0.0,0.0,0.0,1.0000000636562139,0.0,-0.24409144546506867,-2.7743887240807194e-18,4.4409317503464927e-17,0.0,0.0,1.0000000636562139],"overlap_cols":6,"overlap_rows":6,"positions":[0.0,0.0,0.0,1.0,0.5,0.75]},{"atoms":["He","Be"],"basis":"sto-3g","overlap":[0.9999999941910839,0.2414037433279887,0.5579690027130814,-0.4138021987938806,-0.2069010993969403,-0.31035164909541035,0.2414037433279887,0.9999999999673272,0.25951725962830435,0.0,0.0,3.2280403750634305e-17,0.5579690027130814,0.25951725962830435,0.9999999694829664,0.0,0.0,3.123772540952313e-17,-0.4138021987938806,0.0,0.0,0.9999999019355185,0.0,0.0,-0.2069010993969403,0.0,0.0,0.0,0.9999999019355185,0.0,-0.31035164909541035,3.2280403750634305e-17,3.123772540952313e-17,0.0,0.0,0.9999999019355185],"overlap_cols":6,"overlap_rows":6,"positions":[0.0,0.0,0.0,1.0,0.5,0.75]},{"atoms":["He","B"],"basis":"sto-3g","overlap":[0.9999999941910839,0.17301234213095884,0.6088140932735253,-0.43888212818535227,-0.21944106409267614,-0.3291615961390142,0.17301234213095884,0.9999999920581298,0.26932779361539083,0.0,0.0,-1.5679316087320198e-17,0.6088140932735253,0.26932779361539083,1.0000000398872528,0.0,0.0,-1.9526931315682797e-17,-0.43888212818535227,0.0,0.0,1.0000000489425633,0.0,0.0,-0.21944106409267614,0.0,0.0,0.0,1.0000000489425633,0.0,-0.3291615961390142,-1.5679316087320198e-17,-1.9526931315682797e-17,0.0,0.0,1.0000000489425633],"overlap_cols":6,"overlap_rows":6,"positions":[0.0,0.0,0.0,1.0,0.5,0.75]},{"atoms":["He","C"],"basis":"sto-3g","overlap":[0.9999999941910839,0.13063129692180092,0.6122884013887503,-0.43328689535908793,-0.21664344767954397,-0.3249651715193159,0.13063129692180092,0.9999999998812691,0.2483623901066388,0.0,0.0,-3.881643964998268e-17,0.6122884013887503,0.2483623901066388,0.9999999984802173,0.0,0.0,-7.544899400254768e-17,-0.43328689535908793,0.0,0.0,0.9999999729969503,0.0,0.0,-0.21664344767954397,0.0,0.0,0.0,0.9999999729969503,0.0,-0.3249651715193159,-3.881643964998268e-17,-7.544899400254768e-17,0.0,0.0,0.9999999729969503],"overlap_cols":6,"overlap_rows":6,"positions":[0.0,0.0,0.0,1.0,0.5,0.75]},{"atoms":["He","N"],"basis":"sto-3g","overlap":[0.9999999941910839,0.10251084852876469,0.6009634225329337,-0.4166120586757769,-0.20830602933788844,-0.3124590440068327,0.10251084852876469,0.9999999957499698,0.23503776844919538,0.0,0.0,3.087065515510378e-17,0.6009634225329337,0.23503776844919538,1.000000031136258,0.0,0.0,9.860199822170142e-18,-0.4166120586757769,0.0,0.0,1.00000001877646,0.0,0.0,-0.20830602933788844,0.0,0.0,0.0,1.00000001877646,0.0,-0.3124590440068327,3.087065515510378e-17,9.860199822170142e-18,0.0,0.0,1.00000001877646],"overlap_cols":6,"overlap_rows":6,"positions":[0.0,0.0,0.0,1.0,0.5,0.75]},{"atoms":["He","O"],"basis":"sto-3g","overlap":[0.9999999941910839,0.08327183683542214,0.5721226061072449,-0.38544882194231955,-0.19272441097115978,-0.28908661645673966,0.08327183683542214,1.0000000165470364,0.23670394164997102,0.0,0.0,-6.984148791777016e-17,0.5721226061072449,0.23670394164997102,1.0000000268753375,0.0,0.0,6.111730465664978e-17,-0.38544882194231955,0.0,0.0,1.0000000195212952,0.0,0.0,-0.19272441097115978,0.0,0.0,0.0,1.0000000195212952,0.0,-0.28908661645673966,-6.984148791777016e-17,6.111730465664978e-17,0.0,0.0,1.0000000195212952],"overlap_cols":6,"overlap_rows":6,"positions":[0.0,0.0,0.0,1.0,0.5,0.75]},{"atoms":["He","F"],"basis":"sto-3g","overlap":[0.9999999941910839,0.06934949533056249,0.5349941034726944,-0.34978811504424906,-0.17489405752212453,-0.2623410862831868,0.06934949533056249,0.9999999986333591,0.23798988410598415,0.0,0.0,4.063386597244666e-18,0.5349941034726944,0.23798988410598415,1.0000000176910975,0.0,0.0,-2.0901980542584494e-16,-0.34978811504424906,0.0,0.0,1.0000000030257241,0.0,0.0,-0.17489405752212453,0.0,0.0,0.0,1.0000000030257241,0.0,-0.2623410862831868,4.063386597244666e-18,-2.0901980542584494e-16,0.0,0.0,1.0000000030257241],"overlap_cols":6,"overlap_rows":6,"positions":[0.0,0.0,0.0,1.0,0.5,0.75]},{"atoms":["He","Ne"],"basis":"sto-3g","overlap":[0.9999999941910839,0.05890585959500641,0.4908023487224529,-0.3101616267090541,-0.15508081335452706,-0.2326212200317906,0.05890585959500641,0.9999999890536198,0.2427816603840991,0.0,0.0,-4.736316978976503e-17,0.4908023487224529,0.2427816603840991,1.0000000237949807,0.0,0.0,-1.1177044933421637e-16,-0.3101616267090541,0.0,0.0,1.000000008711912,0.0,0.0,-0.15508081335452706,0.0,0.0,0.0,1.000000008711912,0.0,-0.2326212200317906,-4.736316978976503e-17,-1.1177044933421637e-16,0.0,0.0,1.000000008711912],"overlap_cols":6,"overlap_rows":6,"positions":[0.0,0.0,0.0,1.0,0.5,0.75]},{"atoms":["He","Na"],"basis":"sto-3g","overlap":[0.9999999941910839,0.05098389336027841,0.4129136419718743,-0.24480905913009435,-0.12240452956504717,-0.18360679434757077,0.5759218877297853,-0.4311443887101309,-0.21557219435506544,-0.32335829153259815,0.05098389336027841,1.0000000038608619,0.27851197249683174,0.0,0.0,2.8800270216122054e-17,0.022282683732233903,0.0,0.0,3.977342941417826e-18,0.4129136419718743,0.27851197249683174,0.9999999958763471,0.0,0.0,0.0,0.4494895684997774,0.0,0.0,5.912113106703511e-19,-0.24480905913009435,0.0,0.0,0.9999999914732438,0.0,0.0,0.0,0.46176791590325045,0.0,0.0,-0.12240452956504717,0.0,0.0,0.0,0.9999999914732438,0.0,0.0,0.0,0.46176791590325045,0.0,-0.18360679434757077,2.8800270216122054e-17,0.0,0.0,0.0,0.9999999914732438,1.1938107901657169e-18,0.0,0.0,0.46176791590325045,0.5759218877297853,0.022282683732233903,0.4494895684997774,0.0,0.0,1.1938107901657169e-18,0.9999999909405768,0.0,0.0,-1.0529756819815262e-17,-0.4311443887101309,0.0,0.0,0.46176791590325045,0.0,0.0,0.0,0.9999999924283259,0.0,0.0,-0.21557219435506544,0.0,0.0,0.0,0.46176791590325045,0.0,0.0,0.0,0.9999999924283259,0.0,-0.32335829153259815,3.977342941417826e-18,5.912113106703511e-19,0.0,0.0,0.46176791590325045,-1.0529756819815262e-17,0.0,0.0,0.9999999924283259],"overlap_cols":10,"overlap_rows":10,"positions":[0.0,0.0,0.0,1.0,0.5,0.75]},{"atoms":["He","Mg"],"basis":"sto-3g","overlap":[0.9999999941910839,0.04463134502974961,0.3645175311897931,-0.20635324899197793,-0.10317662449598897,-0.15476493674398345,0.5675805771496492,-0.4261499058721763,-0.21307495293608816,-0.31961242940413226,0.04463134502974961,1.0000000306815948,0.28897714447773654,0.0,0.0,-1.5363081135237078e-17,0.017480022905457096,0.0,0.0,-8.396040361496232e-18,0.3645175311897931,0.28897714447773654,0.9999999029703603,0.0,0.0,0.0,0.3563247326973267,0.0,0.0,-4.3241848107852766e-17,-0.20635324899197793,0.0,0.0,0.9999999075140239,0.0,0.0,0.0,0.3700159298323013,0.0,0.0,-0.10317662449598897,0.0,0.0,0.0,0.9999999075140239,0.0,0.0,0.0,0.3700159298323013,0.0,-0.15476493674398345,-1.5363081135237078e-17,0.0,0.0,0.0,0.9999999075140239,6.761571714278578e-17,0.0,0.0,0.3700159298323013,0.5675805771496492,0.017480022905457096,0.3563247326973267,0.0,0.0,6.761571714278578e-17,1.0000001748298901,0.0,0.0,1.3123759528626568e-17,-0.4261499058721763,0.0,0.0,0.3700159298323013,0.0,0.0,0.0,1.0000006677099031,0.0,0.0,-0.21307495293608816,0.0,0.0,0.0,0.3700159298323013,0.0,0.0,0.0,1.0000006677099031,0.0,-0.31961242940413226,-8.396040361496232e-18,-4.3241848107852766e-17,0.0,0.0,0.3700159298323013,1.3123759528626568e-17,0.0,0.0,1.0000006677099031],"overlap_cols":10,"overlap_rows":10,"positions":[0.0,0.0,0.0,1.0,0.5,0.75]},{"atoms":["He","Al"],"basis":"sto-3g","overlap":[0.9999999941910839,0.0395432635342675,0.3185313836872329,-0.1711365449606985,-0.08556827248034925,-0.12835240872052392,0.5675803821967467,-0.4261497940137069,-0.21307489700685345,-0.31961234551028017,0.0395432635342675,1.0000000000755773,0.3020864174002996,0.0,0.0,1.6567204048571146e-17,0.01486348583750599,0.0,0.0,-1.906205266095109e-20,0.3185313836872329,0.3020864174002996,1.0000000000659104,0.0,0.0,0.0,0.29204243449026673,0.0,0.0,6.535937667777643e-18,-0.1711365449606985,0.0,0.0,0.9999999999850966,0.0,0.0,0.0,0.3062723013928532,0.0,0.0,-0.08556827248034925,0.0,0.0,0.0,0.9999999999850966,0.0,0.0,0.0,0.3062723013928532,0.0,-0.12835240872052392,1.6567204048571146e-17,0.0,0.0,0.0,0.9999999999850966,7.135201835511597e-17,0.0,0.0,0.3062723013928532,0.5675803821967467,0.01486348583750599,0.29204243449026673,0.0,0.0,7.135201835511597e-17,0.999999999958474,0.0,0.0,-9.984920834856447e-17,-0.4261497940137069,0.0,0.0,0.3062723013928532,0.0,0.0,0.0,1.000000000170465,0.0,0.0,-0.21307489700685345,0.0,0.0,0.0,0.3062723013928532,0.0,0.0,0.0,1.000000000170465,0.0,-0.31961234551028017,-1.906205266095109e-20,6.535937667777643e-18,0.0,0.0,0.3062723013928532,-9.984920834856447e-17,0.0,0.0,1.000000000170465],"overlap_cols":10,"overlap_rows":10,"positions":[0.0,0.0,0.0,1.0,0.5,0.75]},{"atoms":["He","Si"],"basis":"sto-3g","overlap":[0.9999999941910839,0.035353283078556647,0.27881274168661246,-0.1417763540238061,-0.07088817701190304,-0.10633226551785457,0.5759218879977739,-0.4311443875153115,-0.21557219375765574,-0.32335829063648364,0.035353283078556647,1.000000000067122,0.3142327948130562,0.0,0.0,2.686513029745732e-17,0.013583326100652666,0.0,0.0,-2.365038521846679e-18,0.27881274168661246,0.3142327948130562,1.0000000000450622,0.0,0.0,-2.7414467136441934e-16,0.254224576530908,0.0,0.0,-6.014316523361351e-18,-0.1417763540238061,0.0,0.0,0.9999999999594782,0.0,0.0,0.0,0.26851603953766084,0.0,0.0,-0.07088817701190304,0.0,0.0,0.0,0.9999999999594782,0.0,0.0,0.0,0.26851603953766084,0.0,-0.10633226551785457,2.686513029745732e-17,-2.7414467136441934e-16,0.0,0.0,0.9999999999594782,2.8441483637975204e-17,0.0,0.0,0.26851603953766084,0.5759218879977739,0.013583326100652666,0.254224576530908,0.0,0.0,2.8441483637975204e-17,0.9999999999841659,0.0,0.0,0.0,-0.4311443875153115,0.0,0.0,0.26851603953766084,0.0,0.0,0.0,1.0000000001291265,0.0,0.0,-0.21557219375765574,0.0,0.0,0.0,0.26851603953766084,0.0,0.0,0.0,1.0000000001291265,0.0,-0.32335829063648364,-2.365038521846679e-18,-6.014316523361351e-18,0.0,0.0,0.26851603953766084,0.0,0.0,0.0,1.0000000001291265],"overlap_cols":10,"overlap_rows":10,"positions":[0.0,0.0,0.0,1.0,0.5,0.75]},{"atoms":["He","P"],"basis":"sto-3g","overlap":[0.9999999941910839,0.03185431520495474,0.24492123155030338,-0.11760226757582752,-0.05880113378791376,-0.08820170068187064,0.5954980038315008,-0.4417817301952984,-0.2208908650976492,-0.33133629764647377,0.03185431520495474,1.0000000000523772,0.3255977542746727,0.0,0.0,6.597983968658782e-17,0.013936533393935226,0.0,0.0,4.837467346315403e-19,0.24492123155030338,0.3255977542746727,1.0000000000683527,0.0,0.0,-1.8324044063862982e-17,0.24814490977266668,0.0,0.0,-1.905947372337378e-17,-0.11760226757582752,0.0,0.0,1.0000000000615117,0.0,0.0,0.0,0.2624232398983691,0.0,0.0,-0.05880113378791376,0.0,0.0,0.0,1.0000000000615117,0.0,0.0,0.0,0.2624232398983691,0.0,-0.08820170068187064,6.597983968658782e-17,-1.8324044063862982e-17,0.0,0.0,1.0000000000615117,-1.3061445678305503e-16,0.0,0.0,0.2624232398983691,0.5954980038315008,0.013936533393935226,0.24814490977266668,0.0,0.0,-1.3061445678305503e-16,0.9999999999509157,0.0,0.0,2.0790793125119845e-17,-0.4417817301952984,0.0,0.0,0.2624232398983691,0.0,0.0,0.0,1.000000000083365,0.0,0.0,-0.2208908650976492,0.0,0.0,0.0,0.2624232398983691,0.0,0.0,0.0,1.000000000083365,0.0,-0.33133629764647377,4.837467346315403e-19,-1.905947372337378e-17,0.0,0.0,0.2624232398983691,2.0790793125119845e-17,0.0,0.0,1.000000000083365],"overlap_cols":10,"overlap_rows":10,"positions":[0.0,0.0,0.0,1.0,0.5,0.75]},{"atoms":["He","S"],"basis":"sto-3g","overlap":[0.9999999941910839,0.028896791351017574,0.216694580239078,-0.09821402814147571,-0.04910701407073786,-0.07366052110610684,0.6077547163211618,-0.4466219497971163,-0.22331097489855814,-0.3349664623478372,0.028896791351017574,1.000000000023613,0.33552408368766706,0.0,0.0,1.8703639557350783e-16,0.014250163868440788,0.0,0.0,0.0,0.216694580239078,0.33552408368766706,1.0000000000365745,0.0,0.0,-4.6096741523134665e-17,0.2430975709208844,0.0,0.0,-4.98529280105398e-18,-0.09821402814147571,0.0,0.0,0.9999999999660552,0.0,0.0,0.0,0.2573594668258102,0.0,0.0,-0.04910701407073786,0.0,0.0,0.0,0.9999999999660552,0.0,0.0,0.0,0.2573594668258102,0.0,-0.07366052110610684,1.8703639557350783e-16,-4.6096741523134665e-17,0.0,0.0,0.9999999999660552,-9.395188257802079e-17,0.0,0.0,0.2573594668258102,0.6077547163211618,0.014250163868440788,0.2430975709208844,0.0,0.0,-9.395188257802079e-17,0.999999999985828,0.0,0.0,-8.563936948777032e-17,-0.4466219497971163,0.0,0.0,0.2573594668258102,0.0,0.0,0.0,1.0000000000837792,0.0,0.0,-0.22331097489855814,0.0,0.0,0.0,0.2573594668258102,0.0,0.0,0.0,1.0000000000837792,0.0,-0.3349664623478372,0.0,-4.98529280105398e-18,0.0,0.0,0.2573594668258102,-8.563936948777032e-17,0.0,0.0,1.0000000000837792],"overlap_cols":10,"overlap_rows":10,"positions":[0.0,0.0,0.0,1.0,0.5,0.75]},{"atoms":["He","Cl"],"basis":"sto-3g","overlap":[0.9999999941910839,0.026394448649347937,0.19356214844418007,-0.0829421844857518,-0.0414710922428759,-0.062206638364313865,0.6104030222679033,-0.4471078754318888,-0.2235539377159444,-0.3353309065739166,0.026394448649347937,1.0000000000292673,0.3438012307345918,0.0,0.0,-1.1223156000068975e-16,0.013269470032356477,0.0,0.0,0.0,0.19356214844418007,0.3438012307345918,1.0000000000644778,0.0,0.0,3.1653771267221055e-17,0.21848363015984934,0.0,0.0,4.19689427154039e-17,-0.0829421844857518,0.0,0.0,1.0000000000063685,0.0,0.0,0.0,0.23258553923826425,0.0,0.0,-0.0414710922428759,0.0,0.0,0.0,1.0000000000063685,0.0,0.0,0.0,0.23258553923826425,0.0,-0.062206638364313865,-1.1223156000068975e-16,3.1653771267221055e-17,0.0,0.0,1.0000000000063685,7.980530765682622e-17,0.0,0.0,0.23258553923826425,0.6104030222679033,0.013269470032356477,0.21848363015984934,0.0,0.0,7.980530765682622e-17,0.9999999999258795,0.0,0.0,1.621172227980815e-17,-0.4471078754318888,0.0,0.0,0.23258553923826425,0.0,0.0,0.0,1.0000000001346054,0.0,0.0,-0.2235539377159444,0.0,0.0,0.0,0.23258553923826425,0.0,0.0,0.0,1.0000000001346054,0.0,-0.3353309065739166,0.0,4.19689427154039e-17,0.0,0.0,0.23258553923826425,1.621172227980815e-17,0.0,0.0,1.0000000001346054],"overlap_cols":10,"overlap_rows":10,"positions":[0.0,0.0,0.0,1.0,0.5,0.75]},{"atoms":["He","Ar"],"basis":"sto-3g","overlap":[0.9999999941910839,0.024212679541297466,0.17367577994656963,-0.07034894187600105,-0.035174470938000524,-0.05276170640700076,0.6147529342693696,-0.44329630312077645,-0.22164815156038822,-0.33247222734058235,0.024212679541297466,1.0000000000345943,0.3515818714974201,0.0,0.0,-2.7889676271123e-16,0.014549503660806824,0.0,0.0,-3.634986008568534e-18,0.17367577994656963,0.3515818714974201,0.9999999999836635,0.0,0.0,3.297356851365887e-16,0.23194964495980158,0.0,0.0,1.7640223381240574e-17,-0.07034894187600105,0.0,0.0,0.9999999999461242,0.0,0.0,0.0,0.2461562855549197,0.0,0.0,-0.035174470938000524,0.0,0.0,0.0,0.9999999999461242,0.0,0.0,0.0,0.2461562855549197,0.0,-0.05276170640700076,-2.7889676271123e-16,3.297356851365887e-16,0.0,0.0,0.9999999999461242,2.169690785999351e-17,0.0,0.0,0.2461562855549197,0.6147529342693696,0.014549503660806824,0.23194964495980158,0.0,0.0,2.169690785999351e-17,0.9999999999443339,0.0,0.0,0.0,-0.44329630312077645,0.0,0.0,0.2461562855549197,0.0,0.0,0.0,1.0000000001161762,0.0,0.0,-0.22164815156038822,0.0,0.0,0.0,0.2461562855549197,0.0,0.0,0.0,1.0000000001161762,0.0,-0.33247222734058235,-3.634986008568534e-18,1.7640223381240574e-17,0.0,0.0,0.2461562855549197,0.0,0.0,0.0,1.0000000001161762],"overlap_cols":10,"overlap_rows":10,"positions":[0.0,0.0,0.0,1.0,0.5,0.75]},{"atoms":["He","K"],"basis":"sto-3g","overlap":[0.9999999941910839,0.021884547185914947,0.15556608718088663,-0.05938891846120546,-0.02969445923060273,-0.04454168884590409,0.5980400772787426,-0.417996243628835,-0.2089981218144175,-0.31349718272162624,0.36127520219589976,-0.28431052396240636,-0.14215526198120318,-0.21323289297180473,0.021884547185914947,1.0000000000860465,0.35495616814808995,0.0,0.0,1.0037539091435641e-16,0.01774654812994822,0.0,0.0,0.0,-0.0004115122511879118,0.0,0.0,4.6205892748859865e-20,0.15556608718088663,0.35495616814808995,1.0000000000939169,0.0,0.0,0.0,0.27669550583794683,0.0,0.0,9.306777030888197e-17,0.014113766790345678,0.0,0.0,-3.6258736368226315e-18,-0.05938891846120546,0.0,0.0,1.0000000000370257,0.0,0.0,0.0,0.29097789992075573,0.0,0.0,0.0,0.025607715765984092,0.0,0.0,-0.02969445923060273,0.0,0.0,0.0,1.0000000000370257,0.0,0.0,0.0,0.29097789992075573,0.0,0.0,0.0,0.025607715765984092,0.0,-0.04454168884590409,1.0037539091435641e-16,0.0,0.0,0.0,1.0000000000370257,1.7134453939313893e-16,0.0,0.0,0.29097789992075573,-2.990655203257874e-17,0.0,0.0,0.025607715765984092,0.5980400772787426,0.01774654812994822,0.27669550583794683,0.0,0.0,1.7134453939313893e-16,1.00000000000127,0.0,0.0,1.7320849861599692e-16,0.4370557070355313,0.0,0.0,-2.782765002099442e-18,-0.417996243628835,0.0,0.0,0.29097789992075573,0.0,0.0,0.0,1.000000000157332,0.0,0.0,0.0,0.44569476111133094,0.0,0.0,-0.2089981218144175,0.0,0.0,0.0,0.29097789992075573,0.0,0.0,0.0,1.000000000157332,0.0,0.0,0.0,0.44569476111133094,0.0,-0.31349718272162624,0.0,9.306777030888197e-17,0.0,0.0,0.29097789992075573,1.7320849861599692e-16,0.0,0.0,1.000000000157332,-3.6904919571147566e-17,0.0,0.0,0.44569476111133094,0.36127520219589976,-0.0004115122511879118,0.014113766790345678,0.0,0.0,-2.990655203257874e-17,0.4370557070355313,0.0,0.0,-3.6904919571147566e-17,1.0000000008378935,0.0,0.0,-6.985092277622372e-17,-0.28431052396240636,0.0,0.0,0.025607715765984092,0.0,0.0,0.0,0.44569476111133094,0.0,0.0,0.0,1.0000000001120493,0.0,0.0,-0.14215526198120318,0.0,0.0,0.0,0.025607715765984092,0.0,0.0,0.0,0.44569476111133094,0.0,0.0,0.0,1.0000000001120493,0.0,-0.21323289297180473,4.6205892748859865e-20,-3.6258736368226315e-18,0.0,0.0,0.025607715765984092,-2.782765002099442e-18,0.0,0.0,0.44569476111133094,-6.985092277622372e-17,0.0,0.0,1.0000000001120493],"overlap_cols":14,"overlap_rows":14,"positions":[0.0,0.0,0.0,1.0,0.5,0.75]},{"atoms":["He","Ca"],"basis":"sto-3g","overlap":[0.9999999941910839,0.020275065648717536,0.1414034934598533,-0.05120567235373406,-0.02560283617686703,-0.03840425426530051,0.5775707183436551,-0.3954072146611013,-0.19770360733055065,-0.29655541099582605,0.3351551645071488,-0.26479055651455563,-0.13239527825727782,-0.1985929173859167,0.020275065648717536,1.0000000000421094,0.361297533118