{"results":[{"atoms":["H","H"],"basis":"sto-3g","numCols":2,"numRows":2,"positions":[0.0,0.0,0.0,1.0,0.5,0.75],"values":[1.0000000000699916,0.6779385165395414,0.6779385165395414,1.0000000000699916]},{"atoms":["H","He"],"basis":"sto-3g","numCols":2,"numRows":2,"positions":[0.0,0.0,0.0,1.0,0.5,0.75],"values":[1.0000000000699916,0.5805292292411394,0.5805292292411394,1.0000000001107725]},{"atoms":["H","Li"],"basis":"sto-3g","numCols":6,"numRows":6,"positions":[0.0,0.0,0.0,1.0,0.5,0.75],"values":[1.0000000000699916,0.38661974257484993,0.5856179192385217,-0.35506336535009586,-0.17753168267504793,-0.2662975240125719,0.38661974257484993,1.0000000000865292,0.24113657387766618,0.0,0.0,-4.8103807909261204e-17,0.5856179192385217,0.24113657387766618,1.0000000000680496,0.0,0.0,3.509255639710337e-17,-0.35506336535009586,0.0,0.0,1.0000000000245315,0.0,0.0,-0.17753168267504793,0.0,0.0,0.0,1.0000000000245315,0.0,-0.2662975240125719,-4.8103807909261204e-17,3.509255639710337e-17,0.0,0.0,1.0000000000245315]},{"atoms":["H","Be"],"basis":"sto-3g","numCols":6,"numRows":6,"positions":[0.0,0.0,0.0,1.0,0.5,0.75],"values":[1.0000000000699916,0.266206812924441,0.7084961406291432,-0.41586035498196816,-0.20793017749098408,-0.31189526623647623,0.266206812924441,1.0000000000869433,0.25951732609356926,0.0,0.0,1.6735993294422475e-17,0.7084961406291432,0.25951732609356926,1.0000000000539178,0.0,0.0,-6.049771111283786e-17,-0.41586035498196816,0.0,0.0,0.9999999999941057,0.0,0.0,-0.20793017749098408,0.0,0.0,0.0,0.9999999999941057,0.0,-0.31189526623647623,1.6735993294422475e-17,-6.049771111283786e-17,0.0,0.0,0.9999999999941057]},{"atoms":["H","B"],"basis":"sto-3g","numCols":6,"numRows":6,"positions":[0.0,0.0,0.0,1.0,0.5,0.75],"values":[1.0000000000699916,0.19268455688388975,0.7323674650422993,-0.41623389841338887,-0.20811694920669443,-0.3121754238100417,0.19268455688388975,1.0000000000686795,0.2693277644890726,0.0,0.0,-2.1614373297004338e-17,0.7323674650422993,0.2693277644890726,1.0000000000761362,0.0,0.0,8.326744951699475e-17,-0.41623389841338887,0.0,0.0,0.9999999999943953,0.0,0.0,-0.20811694920669443,0.0,0.0,0.0,0.9999999999943953,0.0,-0.3121754238100417,-2.1614373297004338e-17,8.326744951699475e-17,0.0,0.0,0.9999999999943953]},{"atoms":["H","C"],"basis":"sto-3g","numCols":6,"numRows":6,"positions":[0.0,0.0,0.0,1.0,0.5,0.75],"values":[1.0000000000699916,0.1468653263135177,0.7186590763966194,-0.399713451173028,-0.199856725586514,-0.2997850883797709,0.1468653263135177,1.000000000086775,0.24836239707502916,0.0,0.0,1.6898802315626496e-17,0.7186590763966194,0.24836239707502916,1.0000000000587068,0.0,0.0,4.456690159399847e-17,-0.399713451173028,0.0,0.0,1.000000000018046,0.0,0.0,-0.199856725586514,0.0,0.0,0.0,1.000000000018046,0.0,-0.2997850883797709,1.6898802315626496e-17,4.456690159399847e-17,0.0,0.0,1.000000000018046]},{"atoms":["H","N"],"basis":"sto-3g","numCols":6,"numRows":6,"positions":[0.0,0.0,0.0,1.0,0.5,0.75],"values":[1.0000000000699916,0.116099927073744,0.6913886552325273,-0.37545014961717676,-0.18772507480858838,-0.2815876122128826,0.116099927073744,1.0000000000523286,0.2350377623285701,0.0,0.0,2.6120341366617733e-17,0.6913886552325273,0.2350377623285701,1.0000000000454687,0.0,0.0,-1.459247356670912e-16,-0.37545014961717676,0.0,0.0,1.0000000000113674,0.0,0.0,-0.18772507480858838,0.0,0.0,0.0,1.0000000000113674,0.0,-0.2815876122128826,2.6120341366617733e-17,-1.459247356670912e-16,0.0,0.0,1.0000000000113674]},{"atoms":["H","O"],"basis":"sto-3g","numCols":6,"numRows":6,"positions":[0.0,0.0,0.0,1.0,0.5,0.75],"values":[1.0000000000699916,0.09481879282572485,0.64557581703557,-0.3391371052563249,-0.16956855262816245,-0.25435282894224365,0.09481879282572485,1.0000000000485125,0.23670392058231587,0.0,0.0,1.857552534669732e-17,0.64557581703557,0.23670392058231587,1.000000000032514,0.0,0.0,1.3627832848601292e-16,-0.3391371052563249,0.0,0.0,0.999999999980049,0.0,0.0,-0.16956855262816245,0.0,0.0,0.0,0.999999999980049,0.0,-0.25435282894224365,1.857552534669732e-17,1.3627832848601292e-16,0.0,0.0,0.999999999980049]},{"atoms":["H","F"],"basis":"sto-3g","numCols":6,"numRows":6,"positions":[0.0,0.0,0.0,1.0,0.5,0.75],"values":[1.0000000000699916,0.07928474975059291,0.5955602997912293,-0.30210098880858594,-0.15105049440429297,-0.22657574160643945,0.07928474975059291,1.0000000001052436,0.23798988355510248,0.0,0.0,6.632808685683959e-17,0.5955602997912293,0.23798988355510248,1.0000000000258042,0.0,0.0,1.2894108103328677e-17,-0.30210098880858594,0.0,0.0,0.9999999999919637,0.0,0.0,-0.15105049440429297,0.0,0.0,0.0,0.9999999999919637,0.0,-0.22657574160643945,6.632808685683959e-17,1.2894108103328677e-17,0.0,0.0,0.9999999999919637]},{"atoms":["H","Ne"],"basis":"sto-3g","numCols":6,"numRows":6,"positions":[0.0,0.0,0.0,1.0,0.5,0.75],"values":[1.0000000000699916,0.06755349396573729,0.5410365965335167,-0.26363973763782256,-0.13181986881891128,-0.19772980322836692,0.06755349396573729,0.9999999999833178,0.24278165635338345,0.0,0.0,9.71185697107932e-18,0.5410365965335167,0.24278165635338345,1.0000000000534757,0.0,0.0,9.755259833806769e-17,-0.26363973763782256,0.0,0.0,1.0000000000202,0.0,0.0,-0.13181986881891128,0.0,0.0,0.0,1.0000000000202,0.0,-0.19772980322836692,9.71185697107932e-18,9.755259833806769e-17,0.0,0.0,1.0000000000202]},{"atoms":["H","Na"],"basis":"sto-3g","numCols":10,"numRows":10,"positions":[0.0,0.0,0.0,1.0,0.5,0.75],"values":[1.0000000000699916,0.05860790803729289,0.4514460051987186,-0.2038210718537344,-0.1019105359268672,-0.15286580389030088,0.7173924637580282,-0.42427040604130056,-0.21213520302065028,-0.3182028045309755,0.05860790803729289,1.0000000000448908,0.27851197578107634,0.0,0.0,-1.188366910098086e-16,0.022282681668587025,0.0,0.0,-1.3843847040370578e-17,0.4514460051987186,0.27851197578107634,1.0000000000551097,0.0,0.0,-1.2494680676733318e-16,0.4494895583078395,0.0,0.0,-2.191915209511564e-17,-0.2038210718537344,0.0,0.0,0.9999999999614546,0.0,0.0,0.0,0.46176790349073465,0.0,0.0,-0.1019105359268672,0.0,0.0,0.0,0.9999999999614546,0.0,0.0,0.0,0.46176790349073465,0.0,-0.15286580389030088,-1.188366910098086e-16,-1.2494680676733318e-16,0.0,0.0,0.9999999999614546,-1.062690160936352e-16,0.0,0.0,0.46176790349073465,0.7173924637580282,0.022282681668587025,0.4494895583078395,0.0,0.0,-1.062690160936352e-16,0.9999999999841659,0.0,0.0,0.0,-0.42427040604130056,0.0,0.0,0.46176790349073465,0.0,0.0,0.0,1.0000000001291265,0.0,0.0,-0.21213520302065028,0.0,0.0,0.0,0.46176790349073465,0.0,0.0,0.0,1.0000000001291265,0.0,-0.3182028045309755,-1.3843847040370578e-17,-2.191915209511564e-17,0.0,0.0,0.46176790349073465,0.0,0.0,0.0,1.0000000001291265]},{"atoms":["H","Mg"],"basis":"sto-3g","numCols":10,"numRows":10,"positions":[0.0,0.0,0.0,1.0,0.5,0.75],"values":[1.0000000000699916,0.05140429258862636,0.39818041293437645,-0.17009448257651716,-0.08504724128825858,-0.12757086193238787,0.7123732531951846,-0.422707362714454,-0.211353681357227,-0.31703052203584065,0.05140429258862636,1.0000000000738316,0.2889772025259388,0.0,0.0,1.8132833090655822e-16,0.017479981836192336,0.0,0.0,1.4069141745667334e-18,0.39818041293437645,0.2889772025259388,1.000000000142713,0.0,0.0,-1.0105285826093962e-16,0.35632435332449675,0.0,0.0,-6.00731540611071e-18,-0.17009448257651716,0.0,0.0,1.0000000000872011,0.0,0.0,0.0,0.3700160191310588,0.0,0.0,-0.08504724128825858,0.0,0.0,0.0,1.0000000000872011,0.0,0.0,0.0,0.3700160191310588,0.0,-0.12757086193238787,1.8132833090655822e-16,-1.0105285826093962e-16,0.0,0.0,1.0000000000872011,3.002541789466601e-17,0.0,0.0,0.3700160191310588,0.7123732531951846,0.017479981836192336,0.35632435332449675,0.0,0.0,3.002541789466601e-17,0.999999999958474,0.0,0.0,-9.984920834856447e-17,-0.422707362714454,0.0,0.0,0.3700160191310588,0.0,0.0,0.0,1.000000000170465,0.0,0.0,-0.211353681357227,0.0,0.0,0.0,0.3700160191310588,0.0,0.0,0.0,1.000000000170465,0.0,-0.31703052203584065,1.4069141745667334e-18,-6.00731540611071e-18,0.0,0.0,0.3700160191310588,-9.984920834856447e-17,0.0,0.0,1.000000000170465]},{"atoms":["H","Al"],"basis":"sto-3g","numCols":10,"numRows":10,"positions":[0.0,0.0,0.0,1.0,0.5,0.75],"values":[1.0000000000699916,0.04561459291017514,0.3485639828147588,-0.13996139484255035,-0.06998069742127518,-0.10497104613191277,0.7123732531951846,-0.422707362714454,-0.211353681357227,-0.31703052203584065,0.04561459291017514,1.0000000000755773,0.3020864174002996,0.0,0.0,1.6567204048571146e-17,0.01486348583750599,0.0,0.0,-1.906205266095109e-20,0.3485639828147588,0.3020864174002996,1.0000000000659104,0.0,0.0,0.0,0.29204243449026673,0.0,0.0,6.535937667777643e-18,-0.13996139484255035,0.0,0.0,0.9999999999850966,0.0,0.0,0.0,0.3062723013928532,0.0,0.0,-0.06998069742127518,0.0,0.0,0.0,0.9999999999850966,0.0,0.0,0.0,0.3062723013928532,0.0,-0.10497104613191277,1.6567204048571146e-17,0.0,0.0,0.0,0.9999999999850966,7.135201835511597e-17,0.0,0.0,0.3062723013928532,0.7123732531951846,0.01486348583750599,0.29204243449026673,0.0,0.0,7.135201835511597e-17,0.999999999958474,0.0,0.0,-9.984920834856447e-17,-0.422707362714454,0.0,0.0,0.3062723013928532,0.0,0.0,0.0,1.000000000170465,0.0,0.0,-0.211353681357227,0.0,0.0,0.0,0.3062723013928532,0.0,0.0,0.0,1.000000000170465,0.0,-0.31703052203584065,-1.906205266095109e-20,6.535937667777643e-18,0.0,0.0,0.3062723013928532,-9.984920834856447e-17,0.0,0.0,1.000000000170465]},{"atoms":["H","Si"],"basis":"sto-3g","numCols":10,"numRows":10,"positions":[0.0,0.0,0.0,1.0,0.5,0.75],"values":[1.0000000000699916,0.04083323576877535,0.30616792093688094,-0.11531152490685742,-0.05765576245342871,-0.08648364368014312,0.7173924637580282,-0.42427040604130056,-0.21213520302065028,-0.3182028045309755,0.04083323576877535,1.000000000067122,0.3142327948130562,0.0,0.0,2.686513029745732e-17,0.013583326100652666,0.0,0.0,-2.365038521846679e-18,0.30616792093688094,0.3142327948130562,1.0000000000450622,0.0,0.0,-2.7414467136441934e-16,0.254224576530908,0.0,0.0,-6.014316523361351e-18,-0.11531152490685742,0.0,0.0,0.9999999999594782,0.0,0.0,0.0,0.26851603953766084,0.0,0.0,-0.05765576245342871,0.0,0.0,0.0,0.9999999999594782,0.0,0.0,0.0,0.26851603953766084,0.0,-0.08648364368014312,2.686513029745732e-17,-2.7414467136441934e-16,0.0,0.0,0.9999999999594782,2.8441483637975204e-17,0.0,0.0,0.26851603953766084,0.7173924637580282,0.013583326100652666,0.254224576530908,0.0,0.0,2.8441483637975204e-17,0.9999999999841659,0.0,0.0,0.0,-0.42427040604130056,0.0,0.0,0.26851603953766084,0.0,0.0,0.0,1.0000000001291265,0.0,0.0,-0.21213520302065028,0.0,0.0,0.0,0.26851603953766084,0.0,0.0,0.0,1.0000000001291265,0.0,-0.3182028045309755,-2.365038521846679e-18,-6.014316523361351e-18,0.0,0.0,0.26851603953766084,0.0,0.0,0.0,1.0000000001291265]},{"atoms":["H","P"],"basis":"sto-3g","numCols":10,"numRows":10,"positions":[0.0,0.0,0.0,1.0,0.5,0.75],"values":[1.0000000000699916,0.03683086036500535,0.27012971962587945,-0.0952902171894275,-0.04764510859471375,-0.07146766289207061,0.726629249257926,-0.42531772896044606,-0.21265886448022303,-0.31898829672033463,0.03683086036500535,1.0000000000523772,0.3255977542746727,0.0,0.0,6.597983968658782e-17,0.013936533393935226,0.0,0.0,4.837467346315403e-19,0.27012971962587945,0.3255977542746727,1.0000000000683527,0.0,0.0,-1.8324044063862982e-17,0.24814490977266668,0.0,0.0,-1.905947372337378e-17,-0.0952902171894275,0.0,0.0,1.0000000000615117,0.0,0.0,0.0,0.2624232398983691,0.0,0.0,-0.04764510859471375,0.0,0.0,0.0,1.0000000000615117,0.0,0.0,0.0,0.2624232398983691,0.0,-0.07146766289207061,6.597983968658782e-17,-1.8324044063862982e-17,0.0,0.0,1.0000000000615117,-1.3061445678305503e-16,0.0,0.0,0.2624232398983691,0.726629249257926,0.013936533393935226,0.24814490977266668,0.0,0.0,-1.3061445678305503e-16,0.9999999999509157,0.0,0.0,2.0790793125119845e-17,-0.42531772896044606,0.0,0.0,0.2624232398983691,0.0,0.0,0.0,1.000000000083365,0.0,0.0,-0.21265886448022303,0.0,0.0,0.0,0.2624232398983691,0.0,0.0,0.0,1.000000000083365,0.0,-0.31898829672033463,4.837467346315403e-19,-1.905947372337378e-17,0.0,0.0,0.2624232398983691,2.0790793125119845e-17,0.0,0.0,1.000000000083365]},{"atoms":["H","S"],"basis":"sto-3g","numCols":10,"numRows":10,"positions":[0.0,0.0,0.0,1.0,0.5,0.75],"values":[1.0000000000699916,0.033440972567831746,0.24009256691672778,-0.0793798678035164,-0.0396899339017582,-0.059534900852637296,0.7284524075062232,-0.42177571504995814,-0.21088785752497907,-0.3163317862874686,0.033440972567831746,1.000000000023613,0.33552408368766706,0.0,0.0,1.8703639557350783e-16,0.014250163868440788,0.0,0.0,0.0,0.24009256691672778,0.33552408368766706,1.0000000000365745,0.0,0.0,-4.6096741523134665e-17,0.2430975709208844,0.0,0.0,-4.98529280105398e-18,-0.0793798678035164,0.0,0.0,0.9999999999660552,0.0,0.0,0.0,0.2573594668258102,0.0,0.0,-0.0396899339017582,0.0,0.0,0.0,0.9999999999660552,0.0,0.0,0.0,0.2573594668258102,0.0,-0.059534900852637296,1.8703639557350783e-16,-4.6096741523134665e-17,0.0,0.0,0.9999999999660552,-9.395188257802079e-17,0.0,0.0,0.2573594668258102,0.7284524075062232,0.014250163868440788,0.2430975709208844,0.0,0.0,-9.395188257802079e-17,0.999999999985828,0.0,0.0,-8.563936948777032e-17,-0.42177571504995814,0.0,0.0,0.2573594668258102,0.0,0.0,0.0,1.0000000000837792,0.0,0.0,-0.21088785752497907,0.0,0.0,0.0,0.2573594668258102,0.0,0.0,0.0,1.0000000000837792,0.0,-0.3163317862874686,0.0,-4.98529280105398e-18,0.0,0.0,0.2573594668258102,-8.563936948777032e-17,0.0,0.0,1.0000000000837792]},{"atoms":["H","Cl"],"basis":"sto-3g","numCols":10,"numRows":10,"positions":[0.0,0.0,0.0,1.0,0.5,0.75],"values":[1.0000000000699916,0.03056787534124801,0.21539172775935267,-0.06691950669090074,-0.03345975334545037,-0.050189630018175564,0.7276800784586346,-0.4197529552313397,-0.20987647761566985,-0.3148147164235048,0.03056787534124801,1.0000000000292673,0.3438012307345918,0.0,0.0,-1.1223156000068975e-16,0.013269470032356477,0.0,0.0,0.0,0.21539172775935267,0.3438012307345918,1.0000000000644778,0.0,0.0,3.1653771267221055e-17,0.21848363015984934,0.0,0.0,4.19689427154039e-17,-0.06691950669090074,0.0,0.0,1.0000000000063685,0.0,0.0,0.0,0.23258553923826425,0.0,0.0,-0.03345975334545037,0.0,0.0,0.0,1.0000000000063685,0.0,0.0,0.0,0.23258553923826425,0.0,-0.050189630018175564,-1.1223156000068975e-16,3.1653771267221055e-17,0.0,0.0,1.0000000000063685,7.980530765682622e-17,0.0,0.0,0.23258553923826425,0.7276800784586346,0.013269470032356477,0.21848363015984934,0.0,0.0,7.980530765682622e-17,0.9999999999258795,0.0,0.0,1.621172227980815e-17,-0.4197529552313397,0.0,0.0,0.23258553923826425,0.0,0.0,0.0,1.0000000001346054,0.0,0.0,-0.20987647761566985,0.0,0.0,0.0,0.23258553923826425,0.0,0.0,0.0,1.0000000001346054,0.0,-0.3148147164235048,0.0,4.19689427154039e-17,0.0,0.0,0.23258553923826425,1.621172227980815e-17,0.0,0.0,1.0000000001346054]},{"atoms":["H","Ar"],"basis":"sto-3g","numCols":10,"numRows":10,"positions":[0.0,0.0,0.0,1.0,0.5,0.75],"values":[1.0000000000699916,0.028059149610120092,0.1940544986125893,-0.0566797811203051,-0.02833989056015255,-0.04250983584022881,0.7170578666333873,-0.4062362954262424,-0.2031181477131212,-0.3046772215696818,0.028059149610120092,1.0000000000345943,0.3515818714974201,0.0,0.0,-2.7889676271123e-16,0.014549503660806824,0.0,0.0,-3.634986008568534e-18,0.1940544986125893,0.3515818714974201,0.9999999999836635,0.0,0.0,3.297356851365887e-16,0.23194964495980158,0.0,0.0,1.7640223381240574e-17,-0.0566797811203051,0.0,0.0,0.9999999999461242,0.0,0.0,0.0,0.2461562855549197,0.0,0.0,-0.02833989056015255,0.0,0.0,0.0,0.9999999999461242,0.0,0.0,0.0,0.2461562855549197,0.0,-0.04250983584022881,-2.7889676271123e-16,3.297356851365887e-16,0.0,0.0,0.9999999999461242,2.169690785999351e-17,0.0,0.0,0.2461562855549197,0.7170578666333873,0.014549503660806824,0.23194964495980158,0.0,0.0,2.169690785999351e-17,0.9999999999443339,0.0,0.0,0.0,-0.4062362954262424,0.0,0.0,0.2461562855549197,0.0,0.0,0.0,1.0000000001161762,0.0,0.0,-0.2031181477131212,0.0,0.0,0.0,0.2461562855549197,0.0,0.0,0.0,1.0000000001161762,0.0,-0.3046772215696818,-3.634986008568534e-18,1.7640223381240574e-17,0.0,0.0,0.2461562855549197,0.0,0.0,0.0,1.0000000001161762]},{"atoms":["H","K"],"basis":"sto-3g","numCols":14,"numRows":14,"positions":[0.0,0.0,0.0,1.0,0.5,0.75],"values":[1.0000000000699916,0.02537832924516583,0.17451368349974392,-0.04778616652333977,-0.023893083261669886,-0.03583962489250485,0.6774863157481398,-0.37021490613843383,-0.18510745306921692,-0.27766117960382536,0.526772943550071,-0.3279109947908728,-0.1639554973954364,-0.24593324609315464,0.02537832924516583,1.0000000000860465,0.35495616815746966,0.0,0.0,1.0037539091435641e-16,0.01774654812994822,0.0,0.0,0.0,-0.00041151224570785613,0.0,0.0,4.6205892748859865e-20,0.17451368349974392,0.35495616815746966,1.000000000102564,0.0,0.0,0.0,0.2766955058381568,0.0,0.0,9.306777031161143e-17,0.014113766822974494,0.0,0.0,-3.625873636814852e-18,-0.04778616652333977,0.0,0.0,1.0000000000370257,0.0,0.0,0.0,0.29097789991261763,0.0,0.0,0.0,0.025607715765984092,0.0,0.0,-0.023893083261669886,0.0,0.0,0.0,1.0000000000370257,0.0,0.0,0.0,0.29097789991261763,0.0,0.0,0.0,0.025607715765984092,0.0,-0.03583962489250485,1.0037539091435641e-16,0.0,0.0,0.0,1.0000000000370257,1.7134453939313893e-16,0.0,0.0,0.29097789991261763,-2.9906552029750554e-17,0.0,0.0,0.025607715765984092,0.6774863157481398,0.01774654812994822,0.2766955058381568,0.0,0.0,1.7134453939313893e-16,1.00000000000127,0.0,0.0,1.7320849861599692e-16,0.437055707089352,0.0,0.0,-2.782765002099442e-18,-0.37021490613843383,0.0,0.0,0.29097789991261763,0.0,0.0,0.0,1.0000000001472078,0.0,0.0,0.0,0.4456947611108023,0.0,0.0,-0.18510745306921692,0.0,0.0,0.0,0.29097789991261763,0.0,0.0,0.0,1.0000000001472078,0.0,0.0,0.0,0.4456947611108023,0.0,-0.27766117960382536,0.0,9.306777031161143e-17,0.0,0.0,0.29097789991261763,1.7320849861599692e-16,0.0,0.0,1.0000000001472078,-3.6904919559810926e-17,0.0,0.0,0.4456947611108023,0.526772943550071,-0.00041151224570785613,0.014113766822974494,0.0,0.0,-2.9906552029750554e-17,0.437055707089352,0.0,0.0,-3.6904919559810926e-17,1.0000000008339986,0.0,0.0,-6.98509227692981e-17,-0.3279109947908728,0.0,0.0,0.025607715765984092,0.0,0.0,0.0,0.4456947611108023,0.0,0.0,0.0,1.0000000001120493,0.0,0.0,-0.1639554973954364,0.0,0.0,0.0,0.025607715765984092,0.0,0.0,0.0,0.4456947611108023,0.0,0.0,0.0,1.0000000001120493,0.0,-0.24593324609315464,4.6205892748859865e-20,-3.625873636814852e-18,0.0,0.0,0.025607715765984092,-2.782765002099442e-18,0.0,0.0,0.4456947611108023,-6.98509227692981e-17,0.0,0.0,1.0000000001120493]},{"atoms":["H","Ca"],"basis":"sto-3g","numCols":14,"numRows":14,"positions":[0.0,0.0,0.0,1.0,0.5,0.75],"values":[1.0000000000699916,0.023522743480773527,0.15914471076078585,-0.041153639624489036,-0.020576819812244518,-0.03086522971836676,0.6459939483650563,-0.34458241255350575,-0.17229120627675287,-0.25843680941512936,0.49836529341952895,-0.3113773594069851,-0.15568867970349254,-0.2335330195552388,0.023522743480773527,1.0000000000421094,0.3612975331276453,0.0,0.0,1.1697887623743127e-17,0.019246797424962346,0.0,0.0,1.70125415170707e-17,-0.00039678845761421944,0.0,0.0,1.118309164156079e-19,0.15914471076078585,0.3612975331276453,1.0000000000905032,0.0,0.0,2.0055105715777846e-16,0.29063079736004693,0.0,0.0,5.656214203141982e-18,0.009042446568260726,0.0,0.0,6.203155515866577e-18,-0.041153639624489036,0.0,0.0,1.000000000036644,0.0,0.0,0.0,0.3048669211986002,0.0,0.0,0.0,0.019024444262730908,0.0,0.0,-0.020576819812244518,0.0,0.0,0.0,1.000000000036644,0.0,0.0,0.0,0.3048669211986002,0.0,0.0,0.0,0.019024444262730908,0.0,-0.03086522971836676,1.1697887623743127e-17,2.0055105715777846e-16,0.0,0.0,1.000000000036644,4.024003480718899e-17,0.0,0.0,0.3048669211986002,-6.237561956939468e-18,0.0,0.0,0.019024444262730908,0.6459939483650563,0.019246797424962346,0.29063079736004693,0.0,0.0,4.024003480718899e-17,1.000000000014128,0.0,0.0,1.2574365959180657e-16,0.3327239725887319,0.0,0.0,1.1658882963190913e-17,-0.34458241255350575,0.0,0.0,0.3048669211986002,0.0,0.0,0.0,1.00000000016908,0.0,0.0,0.0,0.34392641677611296,0.0,0.0,-0.17229120627675287,0.0,0.0,0.0,0.3048669211986002,0.0,0.0,0.0,1.00000000016908,0.0,0.0,0.0,0.34392641677611296,0.0,-0.25843680941512936,1.70125415170707e-17,5.656214203141982e-18,0.0,0.0,0.3048669211986002,1.2574365959180657e-16,0.0,0.0,1.00000000016908,8.049013588002842e-18,0.0,0.0,0.34392641677611296,0.49836529341952895,-0.00039678845761421944,0.009042446568260726,0.0,0.0,-6.237561956939468e-18,0.3327239725887319,0.0,0.0,8.049013588002842e-18,1.0000000008109837,0.0,0.0,-1.7868385788570792e-17,-0.3113773594069851,0.0,0.0,0.019024444262730908,0.0,0.0,0.0,0.34392641677611296,0.0,0.0,0.0,1.000000000015141,0.0,0.0,-0.15568867970349254,0.0,0.0,0.0,0.019024444262730908,0.0,0.0,0.0,0.34392641677611296,0.0,0.0,0.0,1.000000000015141,0.0,-0.2335330195552388,1.118309164156079e-19,6.203155515866577e-18,0.0,0.0,0.019024444262730908,1.1658882963190913e-17,0.0,0.0,0.34392641677611296,-1.7868385788570792e-17,0.0,0.0,1.000000000015141]},{"atoms":["He","H"],"basis":"sto-3g","numCols":2,"numRows":2,"positions":[0.0,0.0,0.0,1.0,0.5,0.75],"values":[1.0000000001107725,0.5805292292411394,0.5805292292411394,1.0000000000699916]},{"atoms":["He","He"],"basis":"sto-3g","numCols":2,"numRows":2,"positions":[0.0,0.0,0.0,1.0,0.5,0.75],"values":[1.0000000001107725,0.5137480846586688,0.5137480846586688,1.0000000001107725]},{"atoms":["He","Li"],"basis":"sto-3g","numCols":6,"numRows":6,"positions":[0.0,0.0,0.0,1.0,0.5,0.75],"values":[1.0000000001107725,0.3512694171467776,0.4253254230653774,-0.32545520450631316,-0.16272760225315658,-0.24409140337973484,0.3512694171467776,1.0000000000865292,0.24113657387766618,0.0,0.0,-4.8103807909261204e-17,0.4253254230653774,0.24113657387766618,1.0000000000680496,0.0,0.0,3.509255639710337e-17,-0.32545520450631316,0.0,0.0,1.0000000000245315,0.0,0.0,-0.16272760225315658,0.0,0.0,0.0,1.0000000000245315,0.0,-0.24409140337973484,-4.8103807909261204e-17,3.509255639710337e-17,0.0,0.0,1.0000000000245315]},{"atoms":["He","Be"],"basis":"sto-3g","numCols":6,"numRows":6,"positions":[0.0,0.0,0.0,1.0,0.5,0.75],"values":[1.0000000001107725,0.24140374853939678,0.557969059660294,-0.4138022408448142,-0.2069011204224071,-0.3103516806336107,0.24140374853939678,1.0000000000869433,0.25951732609356926,0.0,0.0,1.6735993294422475e-17,0.557969059660294,0.25951732609356926,1.0000000000539178,0.0,0.0,-6.049771111283786e-17,-0.4138022408448142,0.0,0.0,0.9999999999941057,0.0,0.0,-0.2069011204224071,0.0,0.0,0.0,0.9999999999941057,0.0,-0.3103516806336107,1.6735993294422475e-17,-6.049771111283786e-17,0.0,0.0,0.9999999999941057]},{"atoms":["He","B"],"basis":"sto-3g","numCols":6,"numRows":6,"positions":[0.0,0.0,0.0,1.0,0.5,0.75],"values":[1.0000000001107725,0.17301234248405314,0.6088140742430679,-0.43888211500299146,-0.21944105750149573,-0.32916158625224357,0.17301234248405314,1.0000000000686795,0.2693277644890726,0.0,0.0,-2.1614373297004338e-17,0.6088140742430679,0.2693277644890726,1.0000000000761362,0.0,0.0,8.326744951699475e-17,-0.43888211500299146,0.0,0.0,0.9999999999943953,0.0,0.0,-0.21944105750149573,0.0,0.0,0.0,0.9999999999943953,0.0,-0.32916158625224357,-2.1614373297004338e-17,8.326744951699475e-17,0.0,0.0,0.9999999999943953]},{"atoms":["He","C"],"basis":"sto-3g","numCols":6,"numRows":6,"positions":[0.0,0.0,0.0,1.0,0.5,0.75],"values":[1.0000000001107725,0.13063129814103733,0.6122884040514954,-0.4332869030991368,-0.2166434515495684,-0.32496517732435265,0.13063129814103733,1.000000000086775,0.24836239707502916,0.0,0.0,1.6898802315626496e-17,0.6122884040514954,0.24836239707502916,1.0000000000587068,0.0,0.0,4.456690159399847e-17,-0.4332869030991368,0.0,0.0,1.000000000018046,0.0,0.0,-0.2166434515495684,0.0,0.0,0.0,1.000000000018046,0.0,-0.32496517732435265,1.6898802315626496e-17,4.456690159399847e-17,0.0,0.0,1.000000000018046]},{"atoms":["He","N"],"basis":"sto-3g","numCols":6,"numRows":6,"positions":[0.0,0.0,0.0,1.0,0.5,0.75],"values":[1.0000000001107725,0.1025108486047294,0.6009634179513234,-0.41661205325190587,-0.20830602662595293,-0.3124590399389294,0.1025108486047294,1.0000000000523286,0.2350377623285701,0.0,0.0,2.6120341366617733e-17,0.6009634179513234,0.2350377623285701,1.0000000000454687,0.0,0.0,-1.459247356670912e-16,-0.41661205325190587,0.0,0.0,1.0000000000113674,0.0,0.0,-0.20830602662595293,0.0,0.0,0.0,1.0000000000113674,0.0,-0.3124590399389294,2.6120341366617733e-17,-1.459247356670912e-16,0.0,0.0,1.0000000000113674]},{"atoms":["He","O"],"basis":"sto-3g","numCols":6,"numRows":6,"positions":[0.0,0.0,0.0,1.0,0.5,0.75],"values":[1.0000000001107725,0.08327183351225573,0.572122609418653,-0.38544882107852274,-0.19272441053926137,-0.28908661580889206,0.08327183351225573,1.0000000000485125,0.23670392058231587,0.0,0.0,1.857552534669732e-17,0.572122609418653,0.23670392058231587,1.000000000032514,0.0,0.0,1.3627832848601292e-16,-0.38544882107852274,0.0,0.0,0.999999999980049,0.0,0.0,-0.19272441053926137,0.0,0.0,0.0,0.999999999980049,0.0,-0.28908661580889206,1.857552534669732e-17,1.3627832848601292e-16,0.0,0.0,0.999999999980049]},{"atoms":["He","F"],"basis":"sto-3g","numCols":6,"numRows":6,"positions":[0.0,0.0,0.0,1.0,0.5,0.75],"values":[1.0000000001107725,0.06934949592212164,0.5349941035414806,-0.3497881142573064,-0.1748940571286532,-0.26234108569297976,0.06934949592212164,1.0000000001052436,0.23798988355510248,0.0,0.0,6.632808685683959e-17,0.5349941035414806,0.23798988355510248,1.0000000000258042,0.0,0.0,1.2894108103328677e-17,-0.3497881142573064,0.0,0.0,0.9999999999919637,0.0,0.0,-0.1748940571286532,0.0,0.0,0.0,0.9999999999919637,0.0,-0.26234108569297976,6.632808685683959e-17,1.2894108103328677e-17,0.0,0.0,0.9999999999919637]},{"atoms":["He","Ne"],"basis":"sto-3g","numCols":6,"numRows":6,"positions":[0.0,0.0,0.0,1.0,0.5,0.75],"values":[1.0000000001107725,0.05890585919194617,0.4908023505463066,-0.31016162520006657,-0.15508081260003329,-0.23262121890004986,0.05890585919194617,0.9999999999833178,0.24278165635338345,0.0,0.0,9.71185697107932e-18,0.4908023505463066,0.24278165635338345,1.0000000000534757,0.0,0.0,9.755259833806769e-17,-0.31016162520006657,0.0,0.0,1.0000000000202,0.0,0.0,-0.15508081260003329,0.0,0.0,0.0,1.0000000000202,0.0,-0.23262121890004986,9.71185697107932e-18,9.755259833806769e-17,0.0,0.0,1.0000000000202]},{"atoms":["He","Na"],"basis":"sto-3g","numCols":10,"numRows":10,"positions":[0.0,0.0,0.0,1.0,0.5,0.75],"values":[1.0000000001107725,0.050983894103105824,0.4129136417272519,-0.24480906038416272,-0.12240453019208136,-0.18360679528812207,0.5759218898377768,-0.4311443892401376,-0.2155721946200688,-0.32335829193010324,0.050983894103105824,1.0000000000448908,0.27851197578107634,0.0,0.0,-1.188366910098086e-16,0.022282681668587025,0.0,0.0,-1.3843847040370578e-17,0.4129136417272519,0.27851197578107634,1.0000000000551097,0.0,0.0,-1.2494680676733318e-16,0.4494895583078395,0.0,0.0,-2.191915209511564e-17,-0.24480906038416272,0.0,0.0,0.9999999999614546,0.0,0.0,0.0,0.46176790349073465,0.0,0.0,-0.12240453019208136,0.0,0.0,0.0,0.9999999999614546,0.0,0.0,0.0,0.46176790349073465,0.0,-0.18360679528812207,-1.188366910098086e-16,-1.2494680676733318e-16,0.0,0.0,0.9999999999614546,-1.062690160936352e-16,0.0,0.0,0.46176790349073465,0.5759218898377768,0.022282681668587025,0.4494895583078395,0.0,0.0,-1.062690160936352e-16,0.9999999999841659,0.0,0.0,0.0,-0.4311443892401376,0.0,0.0,0.46176790349073465,0.0,0.0,0.0,1.0000000001291265,0.0,0.0,-0.2155721946200688,0.0,0.0,0.0,0.46176790349073465,0.0,0.0,0.0,1.0000000001291265,0.0,-0.32335829193010324,-1.3843847040370578e-17,-2.191915209511564e-17,0.0,0.0,0.46176790349073465,0.0,0.0,0.0,1.0000000001291265]},{"atoms":["He","Mg"],"basis":"sto-3g","numCols":10,"numRows":10,"positions":[0.0,0.0,0.0,1.0,0.5,0.75],"values":[1.0000000001107725,0.04463134933615931,0.36451747233969534,-0.20635322408482143,-0.10317661204241071,-0.15476491806361609,0.5675803839910254,-0.4261497957169414,-0.2130748978584707,-0.31961234678770606,0.04463134933615931,1.0000000000738316,0.2889772025259388,0.0,0.0,1.8132833090655822e-16,0.017479981836192336,0.0,0.0,1.4069141745667334e-18,0.36451747233969534,0.2889772025259388,1.000000000142713,0.0,0.0,-1.0105285826093962e-16,0.35632435332449675,0.0,0.0,-6.00731540611071e-18,-0.20635322408482143,0.0,0.0,1.0000000000872011,0.0,0.0,0.0,0.3700160191310588,0.0,0.0,-0.10317661204241071,0.0,0.0,0.0,1.0000000000872011,0.0,0.0,0.0,0.3700160191310588,0.0,-0.15476491806361609,1.8132833090655822e-16,-1.0105285826093962e-16,0.0,0.0,1.0000000000872011,3.002541789466601e-17,0.0,0.0,0.3700160191310588,0.5675803839910254,0.017479981836192336,0.35632435332449675,0.0,0.0,3.002541789466601e-17,0.999999999958474,0.0,0.0,-9.984920834856447e-17,-0.4261497957169414,0.0,0.0,0.3700160191310588,0.0,0.0,0.0,1.000000000170465,0.0,0.0,-0.2130748978584707,0.0,0.0,0.0,0.3700160191310588,0.0,0.0,0.0,1.000000000170465,0.0,-0.31961234678770606,1.4069141745667334e-18,-6.00731540611071e-18,0.0,0.0,0.3700160191310588,-9.984920834856447e-17,0.0,0.0,1.000000000170465]},{"atoms":["He","Al"],"basis":"sto-3g","numCols":10,"numRows":10,"positions":[0.0,0.0,0.0,1.0,0.5,0.75],"values":[1.0000000001107725,0.03954326375570387,0.3185313851152494,-0.17113654569335215,-0.08556827284667608,-0.1283524092700141,0.5675803839910254,-0.4261497957169414,-0.2130748978584707,-0.31961234678770606,0.03954326375570387,1.0000000000755773,0.3020864174002996,0.0,0.0,1.6567204048571146e-17,0.01486348583750599,0.0,0.0,-1.906205266095109e-20,0.3185313851152494,0.3020864174002996,1.0000000000659104,0.0,0.0,0.0,0.29204243449026673,0.0,0.0,6.535937667777643e-18,-0.17113654569335215,0.0,0.0,0.9999999999850966,0.0,0.0,0.0,0.3062723013928532,0.0,0.0,-0.08556827284667608,0.0,0.0,0.0,0.9999999999850966,0.0,0.0,0.0,0.3062723013928532,0.0,-0.1283524092700141,1.6567204048571146e-17,0.0,0.0,0.0,0.9999999999850966,7.135201835511597e-17,0.0,0.0,0.3062723013928532,0.5675803839910254,0.01486348583750599,0.29204243449026673,0.0,0.0,7.135201835511597e-17,0.999999999958474,0.0,0.0,-9.984920834856447e-17,-0.4261497957169414,0.0,0.0,0.3062723013928532,0.0,0.0,0.0,1.000000000170465,0.0,0.0,-0.2130748978584707,0.0,0.0,0.0,0.3062723013928532,0.0,0.0,0.0,1.000000000170465,0.0,-0.31961234678770606,-1.906205266095109e-20,6.535937667777643e-18,0.0,0.0,0.3062723013928532,-9.984920834856447e-17,0.0,0.0,1.000000000170465]},{"atoms":["He","Si"],"basis":"sto-3g","numCols":10,"numRows":10,"positions":[0.0,0.0,0.0,1.0,0.5,0.75],"values":[1.0000000001107725,0.03535328327688615,0.2788127429803085,-0.14177635465157257,-0.07088817732578628,-0.10633226598867943,0.5759218898377768,-0.4311443892401376,-0.2155721946200688,-0.32335829193010324,0.03535328327688615,1.000000000067122,0.3142327948130562,0.0,0.0,2.686513029745732e-17,0.013583326100652666,0.0,0.0,-2.365038521846679e-18,0.2788127429803085,0.3142327948130562,1.0000000000450622,0.0,0.0,-2.7414467136441934e-16,0.254224576530908,0.0,0.0,-6.014316523361351e-18,-0.14177635465157257,0.0,0.0,0.9999999999594782,0.0,0.0,0.0,0.26851603953766084,0.0,0.0,-0.07088817732578628,0.0,0.0,0.0,0.9999999999594782,0.0,0.0,0.0,0.26851603953766084,0.0,-0.10633226598867943,2.686513029745732e-17,-2.7414467136441934e-16,0.0,0.0,0.9999999999594782,2.8441483637975204e-17,0.0,0.0,0.26851603953766084,0.5759218898377768,0.013583326100652666,0.254224576530908,0.0,0.0,2.8441483637975204e-17,0.9999999999841659,0.0,0.0,0.0,-0.4311443892401376,0.0,0.0,0.26851603953766084,0.0,0.0,0.0,1.0000000001291265,0.0,0.0,-0.2155721946200688,0.0,0.0,0.0,0.26851603953766084,0.0,0.0,0.0,1.0000000001291265,0.0,-0.32335829193010324,-2.365038521846679e-18,-6.014316523361351e-18,0.0,0.0,0.26851603953766084,0.0,0.0,0.0,1.0000000001291265]},{"atoms":["He","P"],"basis":"sto-3g","numCols":10,"numRows":10,"positions":[0.0,0.0,0.0,1.0,0.5,0.75],"values":[1.0000000001107725,0.03185431538390984,0.2449212327231975,-0.11760226811666438,-0.05880113405833219,-0.08820170108749828,0.5954980057882971,-0.44178173196315107,-0.22089086598157553,-0.33133629897236333,0.03185431538390984,1.0000000000523772,0.3255977542746727,0.0,0.0,6.597983968658782e-17,0.013936533393935226,0.0,0.0,4.837467346315403e-19,0.2449212327231975,0.3255977542746727,1.0000000000683527,0.0,0.0,-1.8324044063862982e-17,0.24814490977266668,0.0,0.0,-1.905947372337378e-17,-0.11760226811666438,0.0,0.0,1.0000000000615117,0.0,0.0,0.0,0.2624232398983691,0.0,0.0,-0.05880113405833219,0.0,0.0,0.0,1.0000000000615117,0.0,0.0,0.0,0.2624232398983691,0.0,-0.08820170108749828,6.597983968658782e-17,-1.8324044063862982e-17,0.0,0.0,1.0000000000615117,-1.3061445678305503e-16,0.0,0.0,0.2624232398983691,0.5954980057882971,0.013936533393935226,0.24814490977266668,0.0,0.0,-1.3061445678305503e-16,0.9999999999509157,0.0,0.0,2.0790793125119845e-17,-0.44178173196315107,0.0,0.0,0.2624232398983691,0.0,0.0,0.0,1.000000000083365,0.0,0.0,-0.22089086598157553,0.0,0.0,0.0,0.2624232398983691,0.0,0.0,0.0,1.000000000083365,0.0,-0.33133629897236333,4.837467346315403e-19,-1.905947372337378e-17,0.0,0.0,0.2624232398983691,2.0790793125119845e-17,0.0,0.0,1.000000000083365]},{"atoms":["He","S"],"basis":"sto-3g","numCols":10,"numRows":10,"positions":[0.0,0.0,0.0,1.0,0.5,0.75],"values":[1.0000000001107725,0.028896791513544122,0.21669458130555266,-0.0982140286109261,-0.04910701430546305,-0.07366052145819459,0.6077547183662044,-0.44662195157999396,-0.22331097578999698,-0.33496646368499544,0.028896791513544122,1.000000000023613,0.33552408368766706,0.0,0.0,1.8703639557350783e-16,0.014250163868440788,0.0,0.0,0.0,0.21669458130555266,0.33552408368766706,1.0000000000365745,0.0,0.0,-4.6096741523134665e-17,0.2430975709208844,0.0,0.0,-4.98529280105398e-18,-0.0982140286109261,0.0,0.0,0.9999999999660552,0.0,0.0,0.0,0.2573594668258102,0.0,0.0,-0.04910701430546305,0.0,0.0,0.0,0.9999999999660552,0.0,0.0,0.0,0.2573594668258102,0.0,-0.07366052145819459,1.8703639557350783e-16,-4.6096741523134665e-17,0.0,0.0,0.9999999999660552,-9.395188257802079e-17,0.0,0.0,0.2573594668258102,0.6077547183662044,0.014250163868440788,0.2430975709208844,0.0,0.0,-9.395188257802079e-17,0.999999999985828,0.0,0.0,-8.563936948777032e-17,-0.44662195157999396,0.0,0.0,0.2573594668258102,0.0,0.0,0.0,1.0000000000837792,0.0,0.0,-0.22331097578999698,0.0,0.0,0.0,0.2573594668258102,0.0,0.0,0.0,1.0000000000837792,0.0,-0.33496646368499544,0.0,-4.98529280105398e-18,0.0,0.0,0.2573594668258102,-8.563936948777032e-17,0.0,0.0,1.0000000000837792]},{"atoms":["He","Cl"],"basis":"sto-3g","numCols":10,"numRows":10,"positions":[0.0,0.0,0.0,1.0,0.5,0.75],"values":[1.0000000001107725,0.026394448797939007,0.19356214941854624,-0.08294218489680617,-0.04147109244840309,-0.06220663867260462,0.6104030243365386,-0.4471078772145676,-0.2235539386072838,-0.3353309079109257,0.026394448797939007,1.0000000000292673,0.3438012307345918,0.0,0.0,-1.1223156000068975e-16,0.013269470032356477,0.0,0.0,0.0,0.19356214941854624,0.3438012307345918,1.0000000000644778,0.0,0.0,3.1653771267221055e-17,0.21848363015984934,0.0,0.0,4.19689427154039e-17,-0.08294218489680617,0.0,0.0,1.0000000000063685,0.0,0.0,0.0,0.23258553923826425,0.0,0.0,-0.04147109244840309,0.0,0.0,0.0,1.0000000000063685,0.0,0.0,0.0,0.23258553923826425,0.0,-0.06220663867260462,-1.1223156000068975e-16,3.1653771267221055e-17,0.0,0.0,1.0000000000063685,7.980530765682622e-17,0.0,0.0,0.23258553923826425,0.6104030243365386,0.013269470032356477,0.21848363015984934,0.0,0.0,7.980530765682622e-17,0.9999999999258795,0.0,0.0,1.621172227980815e-17,-0.4471078772145676,0.0,0.0,0.23258553923826425,0.0,0.0,0.0,1.0000000001346054,0.0,0.0,-0.2235539386072838,0.0,0.0,0.0,0.23258553923826425,0.0,0.0,0.0,1.0000000001346054,0.0,-0.3353309079109257,0.0,4.19689427154039e-17,0.0,0.0,0.23258553923826425,1.621172227980815e-17,0.0,0.0,1.0000000001346054]},{"atoms":["He","Ar"],"basis":"sto-3g","numCols":10,"numRows":10,"positions":[0.0,0.0,0.0,1.0,0.5,0.75],"values":[1.0000000001107725,0.024212679677713022,0.1736757808376514,-0.07034894223659739,-0.035174471118298696,-0.052761706677448054,0.6147529364135516,-0.44329630487635713,-0.22164815243817856,-0.33247222865726783,0.024212679677713022,1.0000000000345943,0.3515818714974201,0.0,0.0,-2.7889676271123e-16,0.014549503660806824,0.0,0.0,-3.634986008568534e-18,0.1736757808376514,0.3515818714974201,0.9999999999836635,0.0,0.0,3.297356851365887e-16,0.23194964495980158,0.0,0.0,1.7640223381240574e-17,-0.07034894223659739,0.0,0.0,0.9999999999461242,0.0,0.0,0.0,0.2461562855549197,0.0,0.0,-0.035174471118298696,0.0,0.0,0.0,0.9999999999461242,0.0,0.0,0.0,0.2461562855549197,0.0,-0.052761706677448054,-2.7889676271123e-16,3.297356851365887e-16,0.0,0.0,0.9999999999461242,2.169690785999351e-17,0.0,0.0,0.2461562855549197,0.6147529364135516,0.014549503660806824,0.23194964495980158,0.0,0.0,2.169690785999351e-17,0.9999999999443339,0.0,0.0,0.0,-0.44329630487635713,0.0,0.0,0.2461562855549197,0.0,0.0,0.0,1.0000000001161762,0.0,0.0,-0.22164815243817856,0.0,0.0,0.0,0.2461562855549197,0.0,0.0,0.0,1.0000000001161762,0.0,-0.33247222865726783,-3.634986008568534e-18,1.7640223381240574e-17,0.0,0.0,0.2461562855549197,0.0,0.0,0.0,1.0000000001161762]},{"atoms":["He","K"],"basis":"sto-3g","numCols":14,"numRows":14,"positions":[0.0,0.0,0.0,1.0,0.5,0.75],"values":[1.0000000001107725,0.02188454730931331,0.1555660879927484,-0.05938891877551067,-0.029694459387755334,-0.044541689081633015,0.5980400794518224,-0.4179962452632336,-0.2089981226316168,-0.31349718394742515,0.36127520309965244,-0.28431052501661946,-0.14215526250830973,-0.21323289376246463,0.02188454730931331,1.0000000000860465,0.35495616815746966,0.0,0.0,1.0037539091435641e-16,0.01774654812994822,0.0,0.0,0.0,-0.00041151224570785613,0.0,0.0,4.6205892748859865e-20,0.1555660879927484,0.35495616815746966,1.000000000102564,0.0,0.0,0.0,0.2766955058381568,0.0,0.0,9.306777031161143e-17,0.014113766822974494,0.0,0.0,-3.625873636814852e-18,-0.05938891877551067,0.0,0.0,1.0000000000370257,0.0,0.0,0.0,0.29097789991261763,0.0,0.0,0.0,0.025607715765984092,0.0,0.0,-0.029694459387755334,0.0,0.0,0.0,1.0000000000370257,0.0,0.0,0.0,0.29097789991261763,0.0,0.0,0.0,0.025607715765984092,0.0,-0.044541689081633015,1.0037539091435641e-16,0.0,0.0,0.0,1.0000000000370257,1.7134453939313893e-16,0.0,0.0,0.29097789991261763,-2.9906552029750554e-17,0.0,0.0,0.025607715765984092,0.5980400794518224,0.01774654812994822,0.2766955058381568,0.0,0.0,1.7134453939313893e-16,1.00000000000127,0.0,0.0,1.7320849861599692e-16,0.437055707089352,0.0,0.0,-2.782765002099442e-18,-0.4179962452632336,0.0,0.0,0.29097789991261763,0.0,0.0,0.0,1.0000000001472078,0.0,0.0,0.0,0.4456947611108023,0.0,0.0,-0.2089981226316168,0.0,0.0,0.0,0.29097789991261763,0.0,0.0,0.0,1.0000000001472078,0.0,0.0,0.0,0.4456947611108023,0.0,-0.31349718394742515,0.0,9.306777031161143e-17,0.0,0.0,0.29097789991261763,1.7320849861599692e-16,0.0,0.0,1.0000000001472078,-3.6904919559810926e-17,0.0,0.0,0.4456947611108023,0.36127520309965244,-0.00041151224570785613,0.014113766822974494,0.0,0.0,-2.9906552029750554e-17,0.437055707089352,0.0,0.0,-3.6904919559810926e-17,1.0000000008339986,0.0,0.0,-6.98509227692981e-17,-0.28431052501661946,0.0,0.0,0.025607715765984092,0.0,0.0,0.0,0.4456947611108023,0.0,0.0,0.0,1.0000000001120493,0.0,0.0,-0.14215526250830973,0.0,0.0,0.0,0.025607715765984092,0.0,0.0,0.0,0.4456947611108023,0.0,0.0,0.0,1.0000000001120493,0.0,-0.21323289376246463,4.6205892748859865e-20,-3.625873636814852e-18,0.0,0.0,0.025607715765984092,-2.782765002099442e-18,0.0,0.0,0.4456947611108023,-6.98509227692981e-17,0.0,0.0,1.0000000001120493]},{"atoms":["He","Ca"],"basis":"sto-3g","numCols":14,"numRows":14,"positions":[0.0,0.0,0.0,1.0,0.5,0.75],"values":[1.0000000001107725,0.020275065763102396,0.14140349420698914,-0.05120567263163478,-0.02560283631581739,-0.038404254473726085,0.5775707205792177,-0.3954072162134255,-0.19770360810671275,-0.2965554121600691,0.33515516519297683,-0.26479055742388774,-0.13239527871194387,-0.1985929180679158,0.020275065763102396,1.0000000000421094,0.3612975331276453,0.0,0.0,1.1697887623743127e-17,0.019246797424962346,0.0,0.0,1.70125415170707e-17,-0.00039678845761421944,0.0,0.0,1.118309164156079e-19,0.14140349420698914,0.3612975331276453,1.0000000000905032,0.0,0.0,2.0055105715777846e-16,0.29063079736004693,0.0,0.0,5.656214203141982e-18,0.009042446568260726,0.0,0.0