{"results":[{"atoms":["H","H"],"basis":"sto-3g","overlap":[0.9999999908898001,0.7965882934400124,0.7965882934400124,0.9999999908898001],"overlap_cols":2,"overlap_rows":2,"positions":[0.0,0.0,0.0,1.0,0.0,0.0]},{"atoms":["H","He"],"basis":"sto-3g","overlap":[0.9999999908898001,0.714221737163225,0.714221737163225,0.9999999941910839],"overlap_cols":2,"overlap_rows":2,"positions":[0.0,0.0,0.0,1.0,0.0,0.0]},{"atoms":["H","Li"],"basis":"sto-3g","overlap":[0.9999999908898001,0.5141927605895639,0.6077346593689195,-0.3936603918323581,0.0,0.0,0.5141927605895639,0.9999999954918732,0.24113665111145952,0.0,0.0,0.0,0.6077346593689195,0.24113665111145952,1.0000000039071326,0.0,0.0,0.0,-0.3936603918323581,0.0,0.0,1.0000000636562139,0.0,0.0,0.0,0.0,0.0,0.0,1.0000000636562139,0.0,0.0,0.0,0.0,0.0,0.0,1.0000000636562139],"overlap_cols":6,"overlap_rows":6,"positions":[0.0,0.0,0.0,1.0,0.0,0.0]},{"atoms":["H","Be"],"basis":"sto-3g","overlap":[0.9999999908898001,0.3724061712521974,0.7635706923234746,-0.48295482769262016,0.0,0.0,0.3724061712521974,0.9999999999673272,0.25951725962830435,0.0,0.0,0.0,0.7635706923234746,0.25951725962830435,0.9999999694829664,0.0,0.0,0.0,-0.48295482769262016,0.0,0.0,0.9999999019355185,0.0,0.0,0.0,0.0,0.0,0.0,0.9999999019355185,0.0,0.0,0.0,0.0,0.0,0.0,0.9999999019355185],"overlap_cols":6,"overlap_rows":6,"positions":[0.0,0.0,0.0,1.0,0.0,0.0]},{"atoms":["H","B"],"basis":"sto-3g","overlap":[0.9999999908898001,0.2780531116724869,0.8189924873123926,-0.505782542592992,0.0,0.0,0.2780531116724869,0.9999999920581298,0.26932779361539083,0.0,0.0,0.0,0.8189924873123926,0.26932779361539083,1.0000000398872528,0.0,0.0,0.0,-0.505782542592992,0.0,0.0,1.0000000489425633,0.0,0.0,0.0,0.0,0.0,0.0,1.0000000489425633,0.0,0.0,0.0,0.0,0.0,0.0,1.0000000489425633],"overlap_cols":6,"overlap_rows":6,"positions":[0.0,0.0,0.0,1.0,0.0,0.0]},{"atoms":["H","C"],"basis":"sto-3g","overlap":[0.9999999908898001,0.21564488824943878,0.8216110432807753,-0.49944295227489055,0.0,0.0,0.21564488824943878,0.9999999998812691,0.2483623901066388,0.0,0.0,0.0,0.8216110432807753,0.2483623901066388,0.9999999984802173,0.0,0.0,0.0,-0.49944295227489055,0.0,0.0,0.9999999729969503,0.0,0.0,0.0,0.0,0.0,0.0,0.9999999729969503,0.0,0.0,0.0,0.0,0.0,0.0,0.9999999729969503],"overlap_cols":6,"overlap_rows":6,"positions":[0.0,0.0,0.0,1.0,0.0,0.0]},{"atoms":["H","N"],"basis":"sto-3g","overlap":[0.9999999908898001,0.17211778202273095,0.8080126328418543,-0.4827223486368232,0.0,0.0,0.17211778202273095,0.9999999957499698,0.23503776844919538,0.0,0.0,0.0,0.8080126328418543,0.23503776844919538,1.000000031136258,0.0,0.0,0.0,-0.4827223486368232,0.0,0.0,1.00000001877646,0.0,0.0,0.0,0.0,0.0,0.0,1.00000001877646,0.0,0.0,0.0,0.0,0.0,0.0,1.00000001877646],"overlap_cols":6,"overlap_rows":6,"positions":[0.0,0.0,0.0,1.0,0.0,0.0]},{"atoms":["H","O"],"basis":"sto-3g","overlap":[0.9999999908898001,0.14130744088994274,0.7750577319133456,-0.4520460761795761,0.0,0.0,0.14130744088994274,1.0000000165470364,0.23670394164997102,0.0,0.0,0.0,0.7750577319133456,0.23670394164997102,1.0000000268753375,0.0,0.0,0.0,-0.4520460761795761,0.0,0.0,1.0000000195212952,0.0,0.0,0.0,0.0,0.0,0.0,1.0000000195212952,0.0,0.0,0.0,0.0,0.0,0.0,1.0000000195212952],"overlap_cols":6,"overlap_rows":6,"positions":[0.0,0.0,0.0,1.0,0.0,0.0]},{"atoms":["H","F"],"basis":"sto-3g","overlap":[0.9999999908898001,0.11850914278875144,0.7330200114572584,-0.41672787275447004,0.0,0.0,0.11850914278875144,0.9999999986333591,0.23798988410598415,0.0,0.0,0.0,0.7330200114572584,0.23798988410598415,1.0000000176910975,0.0,0.0,0.0,-0.41672787275447004,0.0,0.0,1.0000000030257241,0.0,0.0,0.0,0.0,0.0,0.0,1.0000000030257241,0.0,0.0,0.0,0.0,0.0,0.0,1.0000000030257241],"overlap_cols":6,"overlap_rows":6,"positions":[0.0,0.0,0.0,1.0,0.0,0.0]},{"atoms":["H","Ne"],"basis":"sto-3g","overlap":[0.9999999908898001,0.10115054565700439,0.6827750017193048,-0.3767584913971873,0.0,0.0,0.10115054565700439,0.9999999890536198,0.2427816603840991,0.0,0.0,0.0,0.6827750017193048,0.2427816603840991,1.0000000237949807,0.0,0.0,0.0,-0.3767584913971873,0.0,0.0,1.000000008711912,0.0,0.0,0.0,0.0,0.0,0.0,1.000000008711912,0.0,0.0,0.0,0.0,0.0,0.0,1.000000008711912],"overlap_cols":6,"overlap_rows":6,"positions":[0.0,0.0,0.0,1.0,0.0,0.0]},{"atoms":["H","Na"],"basis":"sto-3g","overlap":[0.9999999908898001,0.08784777821403467,0.5925663512767951,-0.30862792862273825,0.0,0.0,0.7719149088526873,-0.4922467075055651,0.0,0.0,0.08784777821403467,1.0000000038608619,0.27851197249683174,0.0,0.0,0.0,0.022282683732233903,0.0,0.0,0.0,0.5925663512767951,0.27851197249683174,0.9999999958763471,0.0,0.0,0.0,0.4494895684997774,0.0,0.0,0.0,-0.30862792862273825,0.0,0.0,0.9999999914732438,0.0,0.0,0.0,0.46176791590325045,0.0,0.0,0.0,0.0,0.0,0.0,0.9999999914732438,0.0,0.0,0.0,0.46176791590325045,0.0,0.0,0.0,0.0,0.0,0.0,0.9999999914732438,0.0,0.0,0.0,0.46176791590325045,0.7719149088526873,0.022282683732233903,0.4494895684997774,0.0,0.0,0.0,0.9999999909405768,0.0,0.0,0.0,-0.4922467075055651,0.0,0.0,0.46176791590325045,0.0,0.0,0.0,0.9999999924283259,0.0,0.0,0.0,0.0,0.0,0.0,0.46176791590325045,0.0,0.0,0.0,0.9999999924283259,0.0,0.0,0.0,0.0,0.0,0.0,0.46176791590325045,0.0,0.0,0.0,0.9999999924283259],"overlap_cols":10,"overlap_rows":10,"positions":[0.0,0.0,0.0,1.0,0.0,0.0]},{"atoms":["H","Mg"],"basis":"sto-3g","overlap":[0.9999999908898001,0.07710189703414892,0.5348385978636678,-0.26701442372838957,0.0,0.0,0.7630190856420166,-0.4876820641249192,0.0,0.0,0.07710189703414892,1.0000000306815948,0.28897714447773654,0.0,0.0,0.0,0.017480022905457096,0.0,0.0,0.0,0.5348385978636678,0.28897714447773654,0.9999999029703603,0.0,0.0,0.0,0.3563247326973267,0.0,0.0,0.0,-0.26701442372838957,0.0,0.0,0.9999999075140239,0.0,0.0,0.0,0.3700159298323013,0.0,0.0,0.0,0.0,0.0,0.0,0.9999999075140239,0.0,0.0,0.0,0.3700159298323013,0.0,0.0,0.0,0.0,0.0,0.0,0.9999999075140239,0.0,0.0,0.0,0.3700159298323013,0.7630190856420166,0.017480022905457096,0.3563247326973267,0.0,0.0,0.0,1.0000001748298901,0.0,0.0,0.0,-0.4876820641249192,0.0,0.0,0.3700159298323013,0.0,0.0,0.0,1.0000006677099031,0.0,0.0,0.0,0.0,0.0,0.0,0.3700159298323013,0.0,0.0,0.0,1.0000006677099031,0.0,0.0,0.0,0.0,0.0,0.0,0.3700159298323013,0.0,0.0,0.0,1.0000006677099031],"overlap_cols":10,"overlap_rows":10,"positions":[0.0,0.0,0.0,1.0,0.0,0.0]},{"atoms":["H","Al"],"basis":"sto-3g","overlap":[0.9999999908898001,0.06844759017895347,0.47829122656927037,-0.2276989270325637,0.0,0.0,0.7630188803666464,-0.4876819551843774,0.0,0.0,0.06844759017895347,1.0000000000755773,0.3020864174002996,0.0,0.0,0.0,0.01486348583750599,0.0,0.0,0.0,0.47829122656927037,0.3020864174002996,1.0000000000659104,0.0,0.0,0.0,0.29204243449026673,0.0,0.0,0.0,-0.2276989270325637,0.0,0.0,0.9999999999850966,0.0,0.0,0.0,0.3062723013928532,0.0,0.0,0.0,0.0,0.0,0.0,0.9999999999850966,0.0,0.0,0.0,0.3062723013928532,0.0,0.0,0.0,0.0,0.0,0.0,0.9999999999850966,0.0,0.0,0.0,0.3062723013928532,0.7630188803666464,0.01486348583750599,0.29204243449026673,0.0,0.0,0.0,0.999999999958474,0.0,0.0,0.0,-0.4876819551843774,0.0,0.0,0.3062723013928532,0.0,0.0,0.0,1.000000000170465,0.0,0.0,0.0,0.0,0.0,0.0,0.3062723013928532,0.0,0.0,0.0,1.000000000170465,0.0,0.0,0.0,0.0,0.0,0.0,0.3062723013928532,0.0,0.0,0.0,1.000000000170465],"overlap_cols":10,"overlap_rows":10,"positions":[0.0,0.0,0.0,1.0,0.0,0.0]},{"atoms":["H","Si"],"basis":"sto-3g","overlap":[0.9999999908898001,0.06129083086293235,0.42773639953093956,-0.19381295787454061,0.0,0.0,0.771914909382319,-0.4922467064714625,0.0,0.0,0.06129083086293235,1.000000000067122,0.3142327948130562,0.0,0.0,0.0,0.013583326100652666,0.0,0.0,0.0,0.42773639953093956,0.3142327948130562,1.0000000000450622,0.0,0.0,0.0,0.254224576530908,0.0,0.0,0.0,-0.19381295787454061,0.0,0.0,0.9999999999594782,0.0,0.0,0.0,0.26851603953766084,0.0,0.0,0.0,0.0,0.0,0.0,0.9999999999594782,0.0,0.0,0.0,0.26851603953766084,0.0,0.0,0.0,0.0,0.0,0.0,0.9999999999594782,0.0,0.0,0.0,0.26851603953766084,0.771914909382319,0.013583326100652666,0.254224576530908,0.0,0.0,0.0,0.9999999999841659,0.0,0.0,0.0,-0.4922467064714625,0.0,0.0,0.26851603953766084,0.0,0.0,0.0,1.0000000001291265,0.0,0.0,0.0,0.0,0.0,0.0,0.26851603953766084,0.0,0.0,0.0,1.0000000001291265,0.0,0.0,0.0,0.0,0.0,0.0,0.26851603953766084,0.0,0.0,0.0,1.0000000001291265],"overlap_cols":10,"overlap_rows":10,"positions":[0.0,0.0,0.0,1.0,0.0,0.0]},{"atoms":["H","P"],"basis":"sto-3g","overlap":[0.9999999908898001,0.05529448000621115,0.3830384591893806,-0.1649275038478064,0.0,0.0,0.7925462546057471,-0.5018754417499637,0.0,0.0,0.05529448000621115,1.0000000000523772,0.3255977542746727,0.0,0.0,0.0,0.013936533393935226,0.0,0.0,0.0,0.3830384591893806,0.3255977542746727,1.0000000000683527,0.0,0.0,0.0,0.24814490977266668,0.0,0.0,0.0,-0.1649275038478064,0.0,0.0,1.0000000000615117,0.0,0.0,0.0,0.2624232398983691,0.0,0.0,0.0,0.0,0.0,0.0,1.0000000000615117,0.0,0.0,0.0,0.2624232398983691,0.0,0.0,0.0,0.0,0.0,0.0,1.0000000000615117,0.0,0.0,0.0,0.2624232398983691,0.7925462546057471,0.013936533393935226,0.24814490977266668,0.0,0.0,0.0,0.9999999999509157,0.0,0.0,0.0,-0.5018754417499637,0.0,0.0,0.2624232398983691,0.0,0.0,0.0,1.000000000083365,0.0,0.0,0.0,0.0,0.0,0.0,0.2624232398983691,0.0,0.0,0.0,1.000000000083365,0.0,0.0,0.0,0.0,0.0,0.0,0.2624232398983691,0.0,0.0,0.0,1.000000000083365],"overlap_cols":10,"overlap_rows":10,"positions":[0.0,0.0,0.0,1.0,0.0,0.0]},{"atoms":["H","S"],"basis":"sto-3g","overlap":[0.9999999908898001,0.05021243897916723,0.34450812827538413,-0.14092664050607828,0.0,0.0,0.8052229112654566,-0.5061748706960959,0.0,0.0,0.05021243897916723,1.000000000023613,0.33552408368766706,0.0,0.0,0.0,0.014250163868440788,0.0,0.0,0.0,0.34450812827538413,0.33552408368766706,1.0000000000365745,0.0,0.0,0.0,0.2430975709208844,0.0,0.0,0.0,-0.14092664050607828,0.0,0.0,0.9999999999660552,0.0,0.0,0.0,0.2573594668258102,0.0,0.0,0.0,0.0,0.0,0.0,0.9999999999660552,0.0,0.0,0.0,0.2573594668258102,0.0,0.0,0.0,0.0,0.0,0.0,0.9999999999660552,0.0,0.0,0.0,0.2573594668258102,0.8052229112654566,0.014250163868440788,0.2430975709208844,0.0,0.0,0.0,0.999999999985828,0.0,0.0,0.0,-0.5061748706960959,0.0,0.0,0.2573594668258102,0.0,0.0,0.0,1.0000000000837792,0.0,0.0,0.0,0.0,0.0,0.0,0.2573594668258102,0.0,0.0,0.0,1.0000000000837792,0.0,0.0,0.0,0.0,0.0,0.0,0.2573594668258102,0.0,0.0,0.0,1.0000000000837792],"overlap_cols":10,"overlap_rows":10,"positions":[0.0,0.0,0.0,1.0,0.0,0.0]},{"atoms":["H","Cl"],"basis":"sto-3g","overlap":[0.9999999908898001,0.045903149494935146,0.31192501563223585,-0.12136207130779333,0.0,0.0,0.8079157907770844,-0.5065848575679687,0.0,0.0,0.045903149494935146,1.0000000000292673,0.3438012307345918,0.0,0.0,0.0,0.013269470032356477,0.0,0.0,0.0,0.31192501563223585,0.3438012307345918,1.0000000000644778,0.0,0.0,0.0,0.21848363015984934,0.0,0.0,0.0,-0.12136207130779333,0.0,0.0,1.0000000000063685,0.0,0.0,0.0,0.23258553923826425,0.0,0.0,0.0,0.0,0.0,0.0,1.0000000000063685,0.0,0.0,0.0,0.23258553923826425,0.0,0.0,0.0,0.0,0.0,0.0,1.0000000000063685,0.0,0.0,0.0,0.23258553923826425,0.8079157907770844,0.013269470032356477,0.21848363015984934,0.0,0.0,0.0,0.9999999999258795,0.0,0.0,0.0,-0.5065848575679687,0.0,0.0,0.23258553923826425,0.0,0.0,0.0,1.0000000001346054,0.0,0.0,0.0,0.0,0.0,0.0,0.23258553923826425,0.0,0.0,0.0,1.0000000001346054,0.0,0.0,0.0,0.0,0.0,0.0,0.23258553923826425,0.0,0.0,0.0,1.0000000001346054],"overlap_cols":10,"overlap_rows":10,"positions":[0.0,0.0,0.0,1.0,0.0,0.0]},{"atoms":["H","Ar"],"basis":"sto-3g","overlap":[0.9999999908898001,0.04213908962938435,0.28311891747155804,-0.1046977173923033,0.0,0.0,0.8120824509411684,-0.5030225339399952,0.0,0.0,0.04213908962938435,1.0000000000345943,0.3515818714974201,0.0,0.0,0.0,0.014549503660806824,0.0,0.0,0.0,0.28311891747155804,0.3515818714974201,0.9999999999836635,0.0,0.0,0.0,0.23194964495980158,0.0,0.0,0.0,-0.1046977173923033,0.0,0.0,0.9999999999461242,0.0,0.0,0.0,0.2461562855549197,0.0,0.0,0.0,0.0,0.0,0.0,0.9999999999461242,0.0,0.0,0.0,0.2461562855549197,0.0,0.0,0.0,0.0,0.0,0.0,0.9999999999461242,0.0,0.0,0.0,0.2461562855549197,0.8120824509411684,0.014549503660806824,0.23194964495980158,0.0,0.0,0.0,0.9999999999443339,0.0,0.0,0.0,-0.5030225339399952,0.0,0.0,0.2461562855549197,0.0,0.0,0.0,1.0000000001161762,0.0,0.0,0.0,0.0,0.0,0.0,0.2461562855549197,0.0,0.0,0.0,1.0000000001161762,0.0,0.0,0.0,0.0,0.0,0.0,0.2461562855549197,0.0,0.0,0.0,1.0000000001161762],"overlap_cols":10,"overlap_rows":10,"positions":[0.0,0.0,0.0,1.0,0.0,0.0]},{"atoms":["H","K"],"basis":"sto-3g","overlap":[0.9999999908898001,0.038115699088871455,0.25620646198354724,-0.08973634892841857,0.0,0.0,0.7941212447801044,-0.47988513414066847,0.0,0.0,0.5257108791009255,-0.3483669267309943,0.0,0.0,0.038115699088871455,1.0000000000860465,0.35495616814808995,0.0,0.0,0.0,0.01774654812994822,0.0,0.0,0.0,-0.0004115122511879118,0.0,0.0,0.0,0.25620646198354724,0.35495616814808995,1.0000000000939169,0.0,0.0,0.0,0.27669550583794683,0.0,0.0,0.0,0.014113766790345678,0.0,0.0,0.0,-0.08973634892841857,0.0,0.0,1.0000000000370257,0.0,0.0,0.0,0.29097789992075573,0.0,0.0,0.0,0.025607715765984092,0.0,0.0,0.0,0.0,0.0,0.0,1.0000000000370257,0.0,0.0,0.0,0.29097789992075573,0.0,0.0,0.0,0.025607715765984092,0.0,0.0,0.0,0.0,0.0,0.0,1.0000000000370257,0.0,0.0,0.0,0.29097789992075573,0.0,0.0,0.0,0.025607715765984092,0.7941212447801044,0.01774654812994822,0.27669550583794683,0.0,0.0,0.0,1.00000000000127,0.0,0.0,0.0,0.4370557070355313,0.0,0.0,0.0,-0.47988513414066847,0.0,0.0,0.29097789992075573,0.0,0.0,0.0,1.000000000157332,0.0,0.0,0.0,0.44569476111133094,0.0,0.0,0.0,0.0,0.0,0.0,0.29097789992075573,0.0,0.0,0.0,1.000000000157332,0.0,0.0,0.0,0.44569476111133094,0.0,0.0,0.0,0.0,0.0,0.0,0.29097789992075573,0.0,0.0,0.0,1.000000000157332,0.0,0.0,0.0,0.44569476111133094,0.5257108791009255,-0.0004115122511879118,0.014113766790345678,0.0,0.0,0.0,0.4370557070355313,0.0,0.0,0.0,1.0000000008378935,0.0,0.0,0.0,-0.3483669267309943,0.0,0.0,0.025607715765984092,0.0,0.0,0.0,0.44569476111133094,0.0,0.0,0.0,1.0000000001120493,0.0,0.0,0.0,0.0,0.0,0.0,0.025607715765984092,0.0,0.0,0.0,0.44569476111133094,0.0,0.0,0.0,1.0000000001120493,0.0,0.0,0.0,0.0,0.0,0.0,0.025607715765984092,0.0,0.0,0.0,0.44569476111133094,0.0,0.0,0.0,1.0000000001120493],"overlap_cols":14,"overlap_rows":14,"positions":[0.0,0.0,0.0,1.0,0.0,0.0]},{"atoms":["H","Ca"],"basis":"sto-3g","overlap":[0.9999999908898001,0.0353302451422119,0.2346926448886985,-0.07825154023983358,0.0,0.0,0.7724877500909495,-0.45902222074391263,0.0,0.0,0.49456094874847634,-0.32882903469494795,0.0,0.0,0.0353302451422119,1.0000000000421094,0.3612975331182304,0.0,0.0,0.0,0.01924679746066974,0.0,0.0,0.0,-0.00039678845501459406,0.0,0.0,0.0,0.2346926448886985,0.3612975331182304,1.000000000081856,0.0,0.0,0.0,0.29063079754566334,0.0,0.0,0.0,0.00904244658823769,0.0,0.0,0.0,-0.07825154023983358,0.0,0.0,1.000000000036644,0.0,0.0,0.0,0.30486692126987586,0.0,0.0,0.0,0.019024444269119662,0.0,0.0,0.0,0.0,0.0,0.0,1.000000000036644,0.0,0.0,0.0,0.30486692126987586,0.0,0.0,0.0,0.019024444269119662,0.0,0.0,0.0,0.0,0.0,0.0,1.000000000036644,0.0,0.0,0.0,0.30486692126987586,0.0,0.0,0.0,0.019024444269119662,0.7724877500909495,0.01924679746066974,0.29063079754566334,0.0,0.0,0.0,1.000000000017551,0.0,0.0,0.0,0.33272397245200314,0.0,0.0,0.0,-0.45902222074391263,0.0,0.0,0.30486692126987586,0.0,0.0,0.0,1.0000000003745315,0.0,0.0,0.0,0.3439264166844676,0.0,0.0,0.0,0.0,0.0,0.0,0.30486692126987586,0.0,0.0,0.0,1.0000000003745315,0.0,0.0,0.0,0.3439264166844676,0.0,0.0,0.0,0.0,0.0,0.0,0.30486692126987586,0.0,0.0,0.0,1.0000000003745315,0.0,0.0,0.0,0.3439264166844676,0.49456094874847634,-0.00039678845501459406,0.00904244658823769,0.0,0.0,0.0,0.33272397245200314,0.0,0.0,0.0,1.0000000007035674,0.0,0.0,0.0,-0.32882903469494795,0.0,0.0,0.019024444269119662,0.0,0.0,0.0,0.3439264166844676,0.0,0.0,0.0,1.0000000001228566,0.0,0.0,0.0,0.0,0.0,0.0,0.019024444269119662,0.0,0.0,0.0,0.3439264166844676,0.0,0.0,0.0,1.0000000001228566,0.0,0.0,0.0,0.0,0.0,0.0,0.019024444269119662,0.0,0.0,0.0,0.3439264166844676,0.0,0.0,0.0,1.0000000001228566],"overlap_cols":14,"overlap_rows":14,"positions":[0.0,0.0,0.0,1.0,0.0,0.0]},{"atoms":["He","H"],"basis":"sto-3g","overlap":[0.9999999941910839,0.714221737163225,0.714221737163225,0.9999999908898001],"overlap_cols":2,"overlap_rows":2,"positions":[0.0,0.0,0.0,1.0,0.0,0.0]},{"atoms":["He","He"],"basis":"sto-3g","overlap":[0.9999999941910839,0.6721749441553138,0.6721749441553138,0.9999999941910839],"overlap_cols":2,"overlap_rows":2,"positions":[0.0,0.0,0.0,1.0,0.0,0.0]},{"atoms":["He","Li"],"basis":"sto-3g","overlap":[0.9999999941910839,0.5119484300023086,0.4402782282712247,-0.37008607805421345,0.0,0.0,0.5119484300023086,0.9999999954918732,0.24113665111145952,0.0,0.0,0.0,0.4402782282712247,0.24113665111145952,1.0000000039071326,0.0,0.0,0.0,-0.37008607805421345,0.0,0.0,1.0000000636562139,0.0,0.0,0.0,0.0,0.0,0.0,1.0000000636562139,0.0,0.0,0.0,0.0,0.0,0.0,1.0000000636562139],"overlap_cols":6,"overlap_rows":6,"positions":[0.0,0.0,0.0,1.0,0.0,0.0]},{"atoms":["He","Be"],"basis":"sto-3g","overlap":[0.9999999941910839,0.3794167435427137,0.6068769903217277,-0.49766532376998013,0.0,0.0,0.3794167435427137,0.9999999999673272,0.25951725962830435,0.0,0.0,0.0,0.6068769903217277,0.25951725962830435,0.9999999694829664,0.0,0.0,0.0,-0.49766532376998013,0.0,0.0,0.9999999019355185,0.0,0.0,0.0,0.0,0.0,0.0,0.9999999019355185,0.0,0.0,0.0,0.0,0.0,0.0,0.9999999019355185],"overlap_cols":6,"overlap_rows":6,"positions":[0.0,0.0,0.0,1.0,0.0,0.0]},{"atoms":["He","B"],"basis":"sto-3g","overlap":[0.9999999941910839,0.285895374354176,0.6957135876508866,-0.5569980407622974,0.0,0.0,0.285895374354176,0.9999999920581298,0.26932779361539083,0.0,0.0,0.0,0.6957135876508866,0.26932779361539083,1.0000000398872528,0.0,0.0,0.0,-0.5569980407622974,0.0,0.0,1.0000000489425633,0.0,0.0,0.0,0.0,0.0,0.0,1.0000000489425633,0.0,0.0,0.0,0.0,0.0,0.0,1.0000000489425633],"overlap_cols":6,"overlap_rows":6,"positions":[0.0,0.0,0.0,1.0,0.0,0.0]},{"atoms":["He","C"],"basis":"sto-3g","overlap":[0.9999999941910839,0.2224214372560946,0.7207766507309802,-0.5686238521730018,0.0,0.0,0.2224214372560946,0.9999999998812691,0.2483623901066388,0.0,0.0,0.0,0.7207766507309802,0.2483623901066388,0.9999999984802173,0.0,0.0,0.0,-0.5686238521730018,0.0,0.0,0.9999999729969503,0.0,0.0,0.0,0.0,0.0,0.0,0.9999999729969503,0.0,0.0,0.0,0.0,0.0,0.0,0.9999999729969503],"overlap_cols":6,"overlap_rows":6,"positions":[0.0,0.0,0.0,1.0,0.0,0.0]},{"atoms":["He","N"],"basis":"sto-3g","overlap":[0.9999999941910839,0.17769579256781654,0.7287402611458065,-0.5659318425377107,0.0,0.0,0.17769579256781654,0.9999999957499698,0.23503776844919538,0.0,0.0,0.0,0.7287402611458065,0.23503776844919538,1.000000031136258,0.0,0.0,0.0,-0.5659318425377107,0.0,0.0,1.00000001877646,0.0,0.0,0.0,0.0,0.0,0.0,1.00000001877646,0.0,0.0,0.0,0.0,0.0,0.0,1.00000001877646],"overlap_cols":6,"overlap_rows":6,"positions":[0.0,0.0,0.0,1.0,0.0,0.0]},{"atoms":["He","O"],"basis":"sto-3g","overlap":[0.9999999941910839,0.14593485238766657,0.71954856024466,-0.5469157901823984,0.0,0.0,0.14593485238766657,1.0000000165470364,0.23670394164997102,0.0,0.0,0.0,0.71954856024466,0.23670394164997102,1.0000000268753375,0.0,0.0,0.0,-0.5469157901823984,0.0,0.0,1.0000000195212952,0.0,0.0,0.0,0.0,0.0,0.0,1.0000000195212952,0.0,0.0,0.0,0.0,0.0,0.0,1.0000000195212952],"overlap_cols":6,"overlap_rows":6,"positions":[0.0,0.0,0.0,1.0,0.0,0.0]},{"atoms":["He","F"],"basis":"sto-3g","overlap":[0.9999999941910839,0.12242024034085149,0.6961626325983061,-0.5172325796716242,0.0,0.0,0.12242024034085149,0.9999999986333591,0.23798988410598415,0.0,0.0,0.0,0.6961626325983061,0.23798988410598415,1.0000000176910975,0.0,0.0,0.0,-0.5172325796716242,0.0,0.0,1.0000000030257241,0.0,0.0,0.0,0.0,0.0,0.0,1.0000000030257241,0.0,0.0,0.0,0.0,0.0,0.0,1.0000000030257241],"overlap_cols":6,"overlap_rows":6,"positions":[0.0,0.0,0.0,1.0,0.0,0.0]},{"atoms":["He","Ne"],"basis":"sto-3g","overlap":[0.9999999941910839,0.10451923097617535,0.6612400853927538,-0.47845221225422435,0.0,0.0,0.10451923097617535,0.9999999890536198,0.2427816603840991,0.0,0.0,0.0,0.6612400853927538,0.2427816603840991,1.0000000237949807,0.0,0.0,0.0,-0.47845221225422435,0.0,0.0,1.000000008711912,0.0,0.0,0.0,0.0,0.0,0.0,1.000000008711912,0.0,0.0,0.0,0.0,0.0,0.0,1.000000008711912],"overlap_cols":6,"overlap_rows":6,"positions":[0.0,0.0,0.0,1.0,0.0,0.0]},{"atoms":["He","Na"],"basis":"sto-3g","overlap":[0.9999999941910839,0.0908032188119105,0.5884010682642549,-0.4044402423296888,0.0,0.0,0.6206559982187523,-0.5135691537151602,0.0,0.0,0.0908032188119105,1.0000000038608619,0.27851197249683174,0.0,0.0,0.0,0.022282683732233903,0.0,0.0,0.0,0.5884010682642549,0.27851197249683174,0.9999999958763471,0.0,0.0,0.0,0.4494895684997774,0.0,0.0,0.0,-0.4044402423296888,0.0,0.0,0.9999999914732438,0.0,0.0,0.0,0.46176791590325045,0.0,0.0,0.0,0.0,0.0,0.0,0.9999999914732438,0.0,0.0,0.0,0.46176791590325045,0.0,0.0,0.0,0.0,0.0,0.0,0.9999999914732438,0.0,0.0,0.0,0.46176791590325045,0.6206559982187523,0.022282683732233903,0.4494895684997774,0.0,0.0,0.0,0.9999999909405768,0.0,0.0,0.0,-0.5135691537151602,0.0,0.0,0.46176791590325045,0.0,0.0,0.0,0.9999999924283259,0.0,0.0,0.0,0.0,0.0,0.0,0.46176791590325045,0.0,0.0,0.0,0.9999999924283259,0.0,0.0,0.0,0.0,0.0,0.0,0.46176791590325045,0.0,0.0,0.0,0.9999999924283259],"overlap_cols":10,"overlap_rows":10,"positions":[0.0,0.0,0.0,1.0,0.0,0.0]},{"atoms":["He","Mg"],"basis":"sto-3g","overlap":[0.9999999941910839,0.07972362636806987,0.5373597761528977,-0.3556414847103798,0.0,0.0,0.6078514477901121,-0.504146910806291,0.0,0.0,0.07972362636806987,1.0000000306815948,0.28897714447773654,0.0,0.0,0.0,0.017480022905457096,0.0,0.0,0.0,0.5373597761528977,0.28897714447773654,0.9999999029703603,0.0,0.0,0.0,0.3563247326973267,0.0,0.0,0.0,-0.3556414847103798,0.0,0.0,0.9999999075140239,0.0,0.0,0.0,0.3700159298323013,0.0,0.0,0.0,0.0,0.0,0.0,0.9999999075140239,0.0,0.0,0.0,0.3700159298323013,0.0,0.0,0.0,0.0,0.0,0.0,0.9999999075140239,0.0,0.0,0.0,0.3700159298323013,0.6078514477901121,0.017480022905457096,0.3563247326973267,0.0,0.0,0.0,1.0000001748298901,0.0,0.0,0.0,-0.504146910806291,0.0,0.0,0.3700159298323013,0.0,0.0,0.0,1.0000006677099031,0.0,0.0,0.0,0.0,0.0,0.0,0.3700159298323013,0.0,0.0,0.0,1.0000006677099031,0.0,0.0,0.0,0.0,0.0,0.0,0.3700159298323013,0.0,0.0,0.0,1.0000006677099031],"overlap_cols":10,"overlap_rows":10,"positions":[0.0,0.0,0.0,1.0,0.0,0.0]},{"atoms":["He","Al"],"basis":"sto-3g","overlap":[0.9999999941910839,0.07079918154306396,0.48494810195741656,-0.30750856881747257,0.0,0.0,0.6078511942705993,-0.5041468377171122,0.0,0.0,0.07079918154306396,1.0000000000755773,0.3020864174002996,0.0,0.0,0.0,0.01486348583750599,0.0,0.0,0.0,0.48494810195741656,0.3020864174002996,1.0000000000659104,0.0,0.0,0.0,0.29204243449026673,0.0,0.0,0.0,-0.30750856881747257,0.0,0.0,0.9999999999850966,0.0,0.0,0.0,0.3062723013928532,0.0,0.0,0.0,0.0,0.0,0.0,0.9999999999850966,0.0,0.0,0.0,0.3062723013928532,0.0,0.0,0.0,0.0,0.0,0.0,0.9999999999850966,0.0,0.0,0.0,0.3062723013928532,0.6078511942705993,0.01486348583750599,0.29204243449026673,0.0,0.0,0.0,0.999999999958474,0.0,0.0,0.0,-0.5041468377171122,0.0,0.0,0.3062723013928532,0.0,0.0,0.0,1.000000000170465,0.0,0.0,0.0,0.0,0.0,0.0,0.3062723013928532,0.0,0.0,0.0,1.000000000170465,0.0,0.0,0.0,0.0,0.0,0.0,0.3062723013928532,0.0,0.0,0.0,1.000000000170465],"overlap_cols":10,"overlap_rows":10,"positions":[0.0,0.0,0.0,1.0,0.0,0.0]},{"atoms":["He","Si"],"basis":"sto-3g","overlap":[0.9999999941910839,0.06341703894028508,0.4364686907009447,-0.2646117248180846,0.0,0.0,0.6206559969857484,-0.513569149614248,0.0,0.0,0.06341703894028508,1.000000000067122,0.3142327948130562,0.0,0.0,0.0,0.013583326100652666,0.0,0.0,0.0,0.4364686907009447,0.3142327948130562,1.0000000000450622,0.0,0.0,0.0,0.254224576530908,0.0,0.0,0.0,-0.2646117248180846,0.0,0.0,0.9999999999594782,0.0,0.0,0.0,0.26851603953766084,0.0,0.0,0.0,0.0,0.0,0.0,0.9999999999594782,0.0,0.0,0.0,0.26851603953766084,0.0,0.0,0.0,0.0,0.0,0.0,0.9999999999594782,0.0,0.0,0.0,0.26851603953766084,0.6206559969857484,0.013583326100652666,0.254224576530908,0.0,0.0,0.0,0.9999999999841659,0.0,0.0,0.0,-0.513569149614248,0.0,0.0,0.26851603953766084,0.0,0.0,0.0,1.0000000001291265,0.0,0.0,0.0,0.0,0.0,0.0,0.26851603953766084,0.0,0.0,0.0,1.0000000001291265,0.0,0.0,0.0,0.0,0.0,0.0,0.26851603953766084,0.0,0.0,0.0,1.0000000001291265],"overlap_cols":10,"overlap_rows":10,"positions":[0.0,0.0,0.0,1.0,0.0,0.0]},{"atoms":["He","P"],"basis":"sto-3g","overlap":[0.9999999941910839,0.05722976233061694,0.3925643477433888,-0.22709128823466485,0.0,0.0,0.6537886336008909,-0.5372506190039675,0.0,0.0,0.05722976233061694,1.0000000000523772,0.3255977542746727,0.0,0.0,0.0,0.013936533393935226,0.0,0.0,0.0,0.3925643477433888,0.3255977542746727,1.0000000000683527,0.0,0.0,0.0,0.24814490977266668,0.0,0.0,0.0,-0.22709128823466485,0.0,0.0,1.0000000000615117,0.0,0.0,0.0,0.2624232398983691,0.0,0.0,0.0,0.0,0.0,0.0,1.0000000000615117,0.0,0.0,0.0,0.2624232398983691,0.0,0.0,0.0,0.0,0.0,0.0,1.0000000000615117,0.0,0.0,0.0,0.2624232398983691,0.6537886336008909,0.013936533393935226,0.24814490977266668,0.0,0.0,0.0,0.9999999999509157,0.0,0.0,0.0,-0.5372506190039675,0.0,0.0,0.2624232398983691,0.0,0.0,0.0,1.000000000083365,0.0,0.0,0.0,0.0,0.0,0.0,0.2624232398983691,0.0,0.0,0.0,1.000000000083365,0.0,0.0,0.0,0.0,0.0,0.0,0.2624232398983691,0.0,0.0,0.0,1.000000000083365],"overlap_cols":10,"overlap_rows":10,"positions":[0.0,0.0,0.0,1.0,0.0,0.0]},{"atoms":["He","S"],"basis":"sto-3g","overlap":[0.9999999941910839,0.05198397412829864,0.35407521031630507,-0.19528424068934036,0.0,0.0,0.6795405778129322,-0.5545417910902739,0.0,0.0,0.05198397412829864,1.000000000023613,0.33552408368766706,0.0,0.0,0.0,0.014250163868440788,0.0,0.0,0.0,0.35407521031630507,0.33552408368766706,1.0000000000365745,0.0,0.0,0.0,0.2430975709208844,0.0,0.0,0.0,-0.19528424068934036,0.0,0.0,0.9999999999660552,0.0,0.0,0.0,0.2573594668258102,0.0,0.0,0.0,0.0,0.0,0.0,0.9999999999660552,0.0,0.0,0.0,0.2573594668258102,0.0,0.0,0.0,0.0,0.0,0.0,0.9999999999660552,0.0,0.0,0.0,0.2573594668258102,0.6795405778129322,0.014250163868440788,0.2430975709208844,0.0,0.0,0.0,0.999999999985828,0.0,0.0,0.0,-0.5545417910902739,0.0,0.0,0.2573594668258102,0.0,0.0,0.0,1.0000000000837792,0.0,0.0,0.0,0.0,0.0,0.0,0.2573594668258102,0.0,0.0,0.0,1.0000000000837792,0.0,0.0,0.0,0.0,0.0,0.0,0.2573594668258102,0.0,0.0,0.0,1.0000000000837792],"overlap_cols":10,"overlap_rows":10,"positions":[0.0,0.0,0.0,1.0,0.0,0.0]},{"atoms":["He","Cl"],"basis":"sto-3g","overlap":[0.9999999941910839,0.04753417381962455,0.3211498053827521,-0.16895319418876034,0.0,0.0,0.6866151883548346,-0.5590022689794247,0.0,0.0,0.04753417381962455,1.0000000000292673,0.3438012307345918,0.0,0.0,0.0,0.013269470032356477,0.0,0.0,0.0,0.3211498053827521,0.3438012307345918,1.0000000000644778,0.0,0.0,0.0,0.21848363015984934,0.0,0.0,0.0,-0.16895319418876034,0.0,0.0,1.0000000000063685,0.0,0.0,0.0,0.23258553923826425,0.0,0.0,0.0,0.0,0.0,0.0,1.0000000000063685,0.0,0.0,0.0,0.23258553923826425,0.0,0.0,0.0,0.0,0.0,0.0,1.0000000000063685,0.0,0.0,0.0,0.23258553923826425,0.6866151883548346,0.013269470032356477,0.21848363015984934,0.0,0.0,0.0,0.9999999999258795,0.0,0.0,0.0,-0.5590022689794247,0.0,0.0,0.23258553923826425,0.0,0.0,0.0,1.0000000001346054,0.0,0.0,0.0,0.0,0.0,0.0,0.23258553923826425,0.0,0.0,0.0,1.0000000001346054,0.0,0.0,0.0,0.0,0.0,0.0,0.23258553923826425,0.0,0.0,0.0,1.0000000001346054],"overlap_cols":10,"overlap_rows":10,"positions":[0.0,0.0,0.0,1.0,0.0,0.0]},{"atoms":["He","Ar"],"basis":"sto-3g","overlap":[0.9999999941910839,0.04364596170349186,0.2918123028143608,-0.1462562761898147,0.0,0.0,0.7105119067623827,-0.572085518862527,0.0,0.0,0.04364596170349186,1.0000000000345943,0.3515818714974201,0.0,0.0,0.0,0.014549503660806824,0.0,0.0,0.0,0.2918123028143608,0.3515818714974201,0.9999999999836635,0.0,0.0,0.0,0.23194964495980158,0.0,0.0,0.0,-0.1462562761898147,0.0,0.0,0.9999999999461242,0.0,0.0,0.0,0.2461562855549197,0.0,0.0,0.0,0.0,0.0,0.0,0.9999999999461242,0.0,0.0,0.0,0.2461562855549197,0.0,0.0,0.0,0.0,0.0,0.0,0.9999999999461242,0.0,0.0,0.0,0.2461562855549197,0.7105119067623827,0.014549503660806824,0.23194964495980158,0.0,0.0,0.0,0.9999999999443339,0.0,0.0,0.0,-0.572085518862527,0.0,0.0,0.2461562855549197,0.0,0.0,0.0,1.0000000001161762,0.0,0.0,0.0,0.0,0.0,0.0,0.2461562855549197,0.0,0.0,0.0,1.0000000001161762,0.0,0.0,0.0,0.0,0.0,0.0,0.2461562855549197,0.0,0.0,0.0,1.0000000001161762],"overlap_cols":10,"overlap_rows":10,"positions":[0.0,0.0,0.0,1.0,0.0,0.0]},{"atoms":["He","K"],"basis":"sto-3g","overlap":[0.9999999941910839,0.03948824718394567,0.26425492791093275,-0.1256843906599388,0.0,0.0,0.7245542857559886,-0.5707874586485884,0.0,0.0,0.34854284823971127,-0.3021986139691625,0.0,0.0,0.03948824718394567,1.0000000000860465,0.35495616814808995,0.0,0.0,0.0,0.01774654812994822,0.0,0.0,0.0,-0.0004115122511879118,0.0,0.0,0.0,0.26425492791093275,0.35495616814808995,1.0000000000939169,0.0,0.0,0.0,0.27669550583794683,0.0,0.0,0.0,0.014113766790345678,0.0,0.0,0.0,-0.1256843906599388,0.0,0.0,1.0000000000370257,0.0,0.0,0.0,0.29097789992075573,0.0,0.0,0.0,0.025607715765984092,0.0,0.0,0.0,0.0,0.0,0.0,1.0000000000370257,0.0,0.0,0.0,0.29097789992075573,0.0,0.0,0.0,0.025607715765984092,0.0,0.0,0.0,0.0,0.0,0.0,1.0000000000370257,0.0,0.0,0.0,0.29097789992075573,0.0,0.0,0.0,0.025607715765984092,0.7245542857559886,0.01774654812994822,0.27669550583794683,0.0,0.0,0.0,1.00000000000127,0.0,0.0,0.0,0.4370557070355313,0.0,0.0,0.0,-0.5707874586485884,0.0,0.0,0.29097789992075573,0.0,0.0,0.0,1.000000000157332,0.0,0.0,0.0,0.44569476111133094,0.0,0.0,0.0,0.0,0.0,0.0,0.29097789992075573,0.0,0.0,0.0,1.000000000157332,0.0,0.0,0.0,0.44569476111133094,0.0,0.0,0.0,0.0,0.0,0.0,0.29097789992075573,0.0,0.0,0.0,1.000000000157332,0.0,0.0,0.0,0.44569476111133094,0.34854284823971127,-0.0004115122511879118,0.014113766790345678,0.0,0.0,0.0,0.4370557070355313,0.0,0.0,0.0,1.0000000008378935,0.0,0.0,0.0,-0.3021986139691625,0.0,0.0,0.025607715765984092,0.0,0.0,0.0,0.44569476111133094,0.0,0.0,0.0,1.0000000001120493,0.0,0.0,0.0,0.0,0.0,0.0,0.025607715765984092,0.0,0.0,0.0,0.44569476111133094,0.0,0.0,0.0,1.0000000001120493,0.0,0.0,0.0,0.0,0.0,0.0,0.025607715765984092,0.0,0.0,0.0,0.44569476111133094,0.0,0.0,0.0,1.0000000001120493],"overlap_cols":14,"overlap_rows":14,"positions":[0.0,0.0,0.0,1.0,0.0,0.0]},{"atoms":["He","Ca"],"basis":"sto-3g","overlap":[0.9999999941910839,0.03660874310984741,0.2421504086202179,-0.10978109670316227,0.0,0.0,0.719323555801796,-0.5583989601122941,0.0,0.0,0.3207356479603185,-0.2794481102510967,0.0,0.0,0.03660874310984741,1.0000000000421094,0.3612975331182304,0.0,0.0,0.0,0.01924679746066974,0.0,0.0,0.0,-0.00039678845501459406,0.0,0.0,0.0,0.2421504086202179,0.3612975331182304,1.000000000081856,0.0,0.0,0.0,0.29063079754566334,0.0,0.0,0.0,0.00904244658823769,0.0,0.0,0.0,-0.10978109670316227,0.0,0.0,1.000000000036644,0.0,0.0,0.0,0.30486692126987586,0.0,0.0,0.0,0.019024444269119662,0.0,0.0,0.0,0.0,0.0,0.0,1.000000000036644,0.0,0.0,0.0,0.30486692126987586,0.0,0.0,0.0,0.019024444269119662,0.0,0.0,0.0,0.0,0.0,0.0,1.000000000036644,0.0,0.0,0.0,0.30486692126987586,0.0,0.0,0.0,0.019024444269119662,0.719323555801796,0.01924679746066974,0.29063079754566334,0.0,0.0,0.0,1.000000000017551,0.0,0.0,0.0,0.33272397245200314,0.0,0.0,0.0,-0.5583989601122941,0.0,0.0,0.30486692126987586,0.0,0.0,0.0,1.0000000003745315,0.0,0.0,0.0,0.3439264166844676,0.0,0.0,0.0,0.0,0.0,0.0,0.30486692126987586,0.0,0.0,0.0,1.0000000003745315,0.0,0.0,0.0,0.3439264166844676,0.0,0.0,0.0,0.0,0.0,0.0,0.30486692126987586,0.0,0.0,0.0,1.0000000003745315,0.0,0.0,0.0,0.3439264166844676,0.3207356479603185,-0.00039678845501459406,0.00904244658823769,0.0,0.0,0.0,0.33272397245200314,0.0,0.0,0.0,1.0000000007035674,0.0,0.0,0.0,-0.2794481102510967,0.0,0.0,0.019024444269119662,0.0,0.0,0.0,0.3439264166844676,0.0,0.0,0.0,1.0000000001228566,0.0,0.0,0.0,0.0,0.0,0.0,0.019024444269119662,0.0,0.0,0.0,0.3439264166844676,0.0,0.0,0.0,1.0000000001228566,0.0,0.0,0.0,0.0,0.0,0.0,0.019024444269119662,0.0,0.0,0.0,0.3439264166844676,0.0,0.0,0.0,1.0000000001228566],"overlap_cols":14,"overlap_rows":14,"positions":[0.0,0.0,0.0,1.0,0.0,0.0]},{"atoms":["Li","H"],"basis":"sto-3g","overlap":[0.9999999954918732,0.24113665111145952,0.0,0.0,0.0,0.5141927605895638,0.24113665111145952,1.0000000039071326,0.0,0.0,0.0,0.6077346593689195,0.0,0.0,1.0000000636562139,0.0,0.0,0.3936603918323581,0.0,0.0,0.0,1.0000000636562139,0.0,0.0,0.0,0.0,0.0,0.0,1.0000000636562139,0.0,0.5141927605895638,0.6077346593689195,0.3936603918323581,0.0,0.0,0.9999999908898001],"overlap_cols":6,"overlap_rows":6,"positions":[0.0,0.0,0.0,1.0,0.0,0.0]},{"atoms":["Li","He"],"basis":"sto-3g","overlap":[0.9999999954918732,0.24113665111145952,0.0,0.0,0.0,0.5119484300023086,0.24113665111145952,1.0000000039071326,0.0,0.0,0.0,0.44027822827122476,0.0,0.0,1.0000000636562139,0.0,0.0,0.37008607805421345,0.0,0.0,0.0,1.0000000636562139,0.0,0.0,0.0,0.0,0.0,0.0,1.0000000636562139,0.0,0.5119484300023086,0.44027822827122476,0.37008607805421345,0.0,0.0,0.9999999941910839],"overlap_cols":6,"overlap_rows":6,"positions":[0.0,0.0,0.0,1.0,0.0,0.0]},{"atoms":["Li","Li"],"basis":"sto-3g","overlap":[0.9999999954918732,0.24113665111145952,0.0,0.0,0.0,0.4138113444749828,0.2423172435718931,-0.2833224592830172,0.0,0.0,0.24113665111145952,1.0000000039071326,0.0,0.0,0.0,0.2423172435718931,0.9668256659455338,-0.2250647046765078,0.0,0.0,0.0,0.0,1.0000000636562139,0.0,0.0,0.28332245928301714,0.22506470467650785,0.8232751571385479,0.0,0.0,0.0,0.0,0.0,1.0000000636562139,0.0,0.0,0.0,0.0,0.9391471856663236,0.0,0.0,0.0,0.0,0.0,1.0000000636562139,0.0,0.0,0.0,0.0,0.9391471856663236,0.4138113444749828,0.2423172435718931,0.28332245928301714,0.0,0.0,0.9999999954918732,0.24113665111145952,0.0,0.0,0.0,0.2423172435718931,0.9668256659455338,0.22506470467650785,0.0,0.0,0.24113665111145952,1.0000000039071326,0.0,0.0,0.0,-0.2833224592830172,-0.2250647046765078,0.8232751571385479,0.0,0.0,0.0,0.0,1.0000000636562139,0.0,0.0,0.0,0.0,0.0,0.9391471856663236,0.0,0.0,0.0,0.0,1.0000000636562139,0.0,0.0,0.0,0.0,0.0,0.9391471856663236,0.0,0.0,0.0,0.0,1.0000000636562139],"overlap_cols":10,"overlap_rows":10,"positions":[0.0,0.0,0.0,1.0,0.0,0.0]},{"atoms":["Li","Be"],"basis":"sto-3g","overlap":[0.9999999954918732,0.24113665111145952,0.0,0.0,0.0,0.311193670899664,0.3732069740258507,-0.4269747363425746,0.0,0.0,0.24113665111145952,1.0000000039071326,0.0,0.0,0.0,0.15499261693926147,0.8790196474065417,-0.16675929964192307,0.0,0.0,0.0,0.0,1.0000000636562139,0.0,0.0,0.2138407461527739,0.33260919855051435,0.6958547748227434,0.0,0.0,0.0,0.0,0.0,1.0000000636562139,0.0,0.0,0.0,0.0,0.8424935842504961,0.0,0.0,0.0,0.0,0.0,1.0000000636562139,0.0,0.0,0.0,0.0,0.8424935842504961,0.311193670899664,0.15499261693926147,0.2138407461527739,0.0,0.0,0.9999999999673272,0.25951725962830435,0.0,0.0,0.0,0.3732069740258507,0.8790196474065417,0.33260919855051435,0.0,0.0,0.25951725962830435,0.9999999694829664,0.0,0.0,0.0,-0.4269747363425746,-0.16675929964192307,0.6958547748227434,0.0,0.0,0.0,0.0,0.9999999019355185,0.0,0.0,0.0,0.0,0.0,0.8424935842504961,0.0,0.0,0.0,0.0,0.9999999019355185,0.0,0.0,0.0,0.0,0.0,0.8424935842504961,0.0,0.0,0.0,0.0,0.9999999019355185],"overlap_cols":10,"overlap_rows":10,"positions":[0.0,0.0,0.0,1.0,0.0,0.0]},{"atoms":["Li","B"],"basis":"sto-3g","overlap":[0.9999999954918732,0.24113665111145952,0.0,0.0,0.0,0.23286765578484037,0.46549379822538084,-0.5209135480439226,0.0,0.0,0.24113665111145952,1.0000000039071326,0.0,0.0,0.0,0.10885602545983605,0.741704958363899,-0.11201148593469727,0.0,0.0,0.0,0.0,1.0000000636562139,0.0,0.0,0.1647289865678046,0.3847529635435915,0.5432815296268011,0.0,0.0,0.0,0.0,0.0,1.0000000636562139,0.0,0.0,0.0,0.0,0.69896345109979,0.0,0.0,0.0,0.0,0.0,1.0000000636562139,0.0,0.0,0.0,0.0,0.69896345109979,0.23286765578484037,0.10885602545983605,0.1647289865678046,0.0,0.0,0.9999999920581298,0.26932779361539083,0.0,0.0,0.0,0.46549379822538084,0.741704958363899,0.3847529635435915,0.0,0.0,0.26932779361539083,1.0000000398872528,0.0,0.0,0.0,-0.5209135480439226,-0.11201148593469727,0.5432815296268011,0.0,0.0,0.0,0.0,1.0000000489425633,0.0,0.0,0.0,0.0,0.0,0.69896345109979,0.0,0.0,0.0,0.0,1.0000000489425633,0.0,0.0,0.0,0.0,0.0,0.69896345109979,0.0,0.0,0.0,0.0,1.0000000489425633],"overlap_cols":10,"overlap_rows":10,"positions":[0.0,0.0,0.0,1.0,0.0,0.0]},{"atoms":["Li","C"],"basis":"sto-3g","overlap":[0.9999999954918732,0.24113665111145952,0.0,0.0,0.0,0.17832932614616726,0.5026497736522824,-0.5557437704796262,0.0,0.0,0.24113665111145952,1.0000000039071326,0.0,0.0,0.0,0.08185295699085736,0.659585514323386,-0.08521923583169007,0.0,0.0,0.0,0.0,1.0000000636562139,0.0,0.0,0.13078110704783852,0.39766507057156053,0.4587792407172382,0.0,0.0,0.0,0.0,0.0,1.0000000636562139,0.0,0.0,0.0,0.0,0.6134714694329677,0.0,0.0,0.0,0.0,0.0,1.0000000636562139,0.0,0.0,0.0,0.0,0.6134714694329677,0.17832932614616726,0.08185295699085736,0.13078110704783852,0.0,0.0,0.9999999998812691,0.2483623901066388,0.0,0.0,0.0,0.5026497736522824,0.659585514323386,0.39766507057156053,0.0,0.0,0.2483623901066388,0.9999999984802173,0.0,0.0,0.0,-0.5557437704796262,-0.08521923583169007,0.4587792407172382,0.0,0.0,0.0,0.0,0.9999999729969503,0.0,0.0,0.0,0.0,0.0,0.6134714694329677,0.0,0.0,0.0,0.0,0.9999999729969503,0.0,0.0,0.0,0.0,0.0,0.6134714694329677,0.0,0.0,0.0,0.0,0.9999999729969503],"overlap_cols":10,"overlap_rows":10,"positions":[0.0,0.0,0.0,1.0,0.0,0.0]},{"atoms":["Li","N"],"basis":"sto-3g","overlap":[0.9999999954918732,0.24113665111145952,0.0,0.0,0.0,0.14003171732160957,0.5266985692210118,-0.575307431639566,0.0,0.0,0.24113665111145952,1.0000000039071326,0.0,0.0,0.0,0.06423357978661445,0.5829079827541945,-0.06323021888933454,0.0,0.0,0.0,0.0,1.0000000636562139,0.0,0.0,0.10625621844451918,0.4003818085826219,0.3833456515249712,0.0,0.0,0.0,0.0,0.0,1.0000000636562139,0.0,0.0,0.0,0.0,0.5336368254340402,0.0,0.0,0.0,0.0,0.0,1.0000000636562139,0.0,0.0,0.0,0.0,0.5336368254340402,0.14003171732160957,0.06423357978661445,0.10625621844451918,0.0,0.0,0.9999999957499698,0.23503776844919538,0.0,0.0,0.0,0.5266985692210118,0.5829079827541945,0.4003818085826219,0.0,0.0,0.23503776844919538,1.000000031136258,0.0,0.0,0.0,-0.575307431639566,-0.06323021888933454,0.3833456515249712,0.0,0.0,0.0,0.0,1.00000001877646,0.0,0.0,0.0,0.0,0.0,0.5336368254340402,0.0,0.0,0.0,0.0,1.00000001877646,0.0,0.0,0.0,0.0,0.0,0.5336368254340402,0.0,0.0,0.0,0.0,1.00000001877646],"overlap_cols":10,"overlap_rows":10,"positions":[0.0,0.0,0.0,1.0,0.0,0.0]},{"atoms":["Li","O"],"basis":"sto-3g","overlap":[0.9999999954918732,0.24113665111145952,0.0,0.0,0.0,0.11327602956759053,0.5398535962330187,-0.5801393763481911,0.0,0.0,0.24113665111145952,1.0000000039071326,0.0,0.0,0.0,0.05222545922454633,0.4979725448724333,-0.04211127964659264,0.0,0.0,0.0,0.0,1.0000000636562139,0.0,0.0,0.08839636758503273,0.39326502572610916,0.30370206949452994,0.0,0.0,0.0,0.0,0.0,1.0000000636562139,0.0,0.0,0.0,0.0,0.44524745776754826,0.0,0.0,0.0,0.0,0.0,1.0000000636562139,0.0,0.0,0.0,0.0,0.44524745776754826,0.11327602956759053,0.05222545922454633,0.08839636758503273,0.0,0.0,1.0000000165470364,0.23670394164997102,0.0,0.0,0.0,0.5398535962330187,0.4979725448724333,0.39326502572610916,0.0,0.0,0.23670394164997102,1.0000000268753375,0.0,0.0,0.0,-0.5801393763481911,-0.04211127964659264,0.30370206949452994,0.0,0.0,0.0,0.0,1.0000000195212952,0.0,0.0,0.0,0.0,0.0,0.44524745776754826,0.0,0.0,0.0,0.0,1.0000000195212952,0.0,0.0,0.0,0.0,0.0,0.44524745776754826,0.0,0.0,0.0,0.0,1.0000000195212952],"overlap_cols":10,"overlap_rows":10,"positions":[0.0,0.0,0.0,1.0,0.0,0.0]},{"atoms":["Li","F"],"basis":"sto-3g","overlap":[0.9999999954918732,0.24113665111145952,0.0,0.0,0.0,0.09384764370071032,0.5377072126707824,-0.5677727301516633,0.0,0.0,0.24113665111145952,1.0000000039071326,0.0,0.0,0.0,0.04353680146209614,0.42851115125239225,-0.02744490189024051,0.0,0.0,0.0,0.0,1.0000000636562139,0.0,0.0,0.07487953605762751,0.3791259728291303,0.24191513480349908,0.0,0.0,0.0,0.0,0.0,1.0000000636562139,0.0,0.0,0.0,0.0,0.37313138044295635,0.0,0.0,0.0,0.0,0.0,1.0000000636562139,0.0,0.0,0.0,0.0,0.37313138