{"results":[{"atoms":["H","H"],"basis":"sto-6g","numCols":2,"numRows":2,"positions":[0.0,0.0,0.0,1.0,0.5,0.75],"values":[0.9999999998823529,0.6777868130412079,0.6777868130412079,0.9999999998823529]},{"atoms":["H","He"],"basis":"sto-6g","numCols":2,"numRows":2,"positions":[0.0,0.0,0.0,1.0,0.5,0.75],"values":[0.9999999998823529,0.5808000211654882,0.5808000211654882,0.999999999897583]},{"atoms":["H","Li"],"basis":"sto-6g","numCols":6,"numRows":6,"positions":[0.0,0.0,0.0,1.0,0.5,0.75],"values":[0.9999999998823529,0.38832679831497685,0.5882860417624565,-0.354689750392961,-0.1773448751964805,-0.2660173127947208,0.38832679831497685,0.9999999999366367,0.23574220971158452,0.0,0.0,9.74739861854741e-18,0.5882860417624565,0.23574220971158452,1.0000000000781544,0.0,0.0,1.1820558644731102e-18,-0.354689750392961,0.0,0.0,0.9999999998730142,0.0,0.0,-0.1773448751964805,0.0,0.0,0.0,0.9999999998730142,0.0,-0.2660173127947208,9.74739861854741e-18,1.1820558644731102e-18,0.0,0.0,0.9999999998730142]},{"atoms":["H","Be"],"basis":"sto-6g","numCols":6,"numRows":6,"positions":[0.0,0.0,0.0,1.0,0.5,0.75],"values":[0.9999999998823529,0.2689070372531456,0.7086829240749141,-0.4158163766784358,-0.2079081883392179,-0.3118622825088267,0.2689070372531456,0.9999999999151512,0.2547643174262812,0.0,0.0,-1.1196177217925143e-17,0.7086829240749141,0.2547643174262812,1.0000000000759521,0.0,0.0,-2.3348951016761688e-18,-0.4158163766784358,0.0,0.0,0.9999999998314308,0.0,0.0,-0.2079081883392179,0.0,0.0,0.0,0.9999999998314308,0.0,-0.3118622825088267,-1.1196177217925143e-17,-2.3348951016761688e-18,0.0,0.0,0.9999999998314308]},{"atoms":["H","B"],"basis":"sto-6g","numCols":6,"numRows":6,"positions":[0.0,0.0,0.0,1.0,0.5,0.75],"values":[0.9999999998823529,0.19559830424468339,0.7321948891735806,-0.4160603968139387,-0.20803019840696935,-0.31204529761045413,0.19559830424468339,0.9999999998995068,0.26489066839856534,0.0,0.0,-1.0839174098029798e-17,0.7321948891735806,0.26489066839856534,1.0000000001242741,0.0,0.0,-4.292256622740876e-17,-0.4160603968139387,0.0,0.0,0.99999999982392,0.0,0.0,-0.20803019840696935,0.0,0.0,0.0,0.99999999982392,0.0,-0.31204529761045413,-1.0839174098029798e-17,-4.292256622740876e-17,0.0,0.0,0.99999999982392]},{"atoms":["H","C"],"basis":"sto-6g","numCols":6,"numRows":6,"positions":[0.0,0.0,0.0,1.0,0.5,0.75],"values":[0.9999999998823529,0.14949941117799886,0.7188442439121185,-0.3994621494262422,-0.1997310747131211,-0.29959661206968163,0.14949941117799886,0.9999999998877056,0.24322804495640374,0.0,0.0,3.621469387010827e-18,0.7188442439121185,0.24322804495640374,1.0000000000321612,0.0,0.0,-3.769065687403476e-18,-0.3994621494262422,0.0,0.0,0.9999999997757303,0.0,0.0,-0.1997310747131211,0.0,0.0,0.0,0.9999999997757303,0.0,-0.29959661206968163,3.621469387010827e-18,-3.769065687403476e-18,0.0,0.0,0.9999999997757303]},{"atoms":["H","N"],"basis":"sto-6g","numCols":6,"numRows":6,"positions":[0.0,0.0,0.0,1.0,0.5,0.75],"values":[0.9999999998823529,0.11831759169130743,0.6921300766551503,-0.37516900552037336,-0.18758450276018668,-0.2813767541402799,0.11831759169130743,0.999999999901976,0.22941578706604215,0.0,0.0,-4.493134732708475e-18,0.6921300766551503,0.22941578706604215,1.0000000000657512,0.0,0.0,-5.865020894996334e-17,-0.37516900552037336,0.0,0.0,0.9999999998428477,0.0,0.0,-0.18758450276018668,0.0,0.0,0.0,0.9999999998428477,0.0,-0.2813767541402799,-4.493134732708475e-18,-5.865020894996334e-17,0.0,0.0,0.9999999998428477]},{"atoms":["H","O"],"basis":"sto-6g","numCols":6,"numRows":6,"positions":[0.0,0.0,0.0,1.0,0.5,0.75],"values":[0.9999999998823529,0.096654235589376,0.6471235397757356,-0.33887423609359013,-0.16943711804679507,-0.25415567707019265,0.096654235589376,0.9999999998775658,0.23114487654710722,0.0,0.0,4.514674030683632e-18,0.6471235397757356,0.23114487654710722,1.0000000000404987,0.0,0.0,1.167583363135487e-17,-0.33887423609359013,0.0,0.0,0.9999999998438133,0.0,0.0,-0.16943711804679507,0.0,0.0,0.0,0.9999999998438133,0.0,-0.25415567707019265,4.514674030683632e-18,1.167583363135487e-17,0.0,0.0,0.9999999998438133]},{"atoms":["H","F"],"basis":"sto-6g","numCols":6,"numRows":6,"positions":[0.0,0.0,0.0,1.0,0.5,0.75],"values":[0.9999999998823529,0.08080793383537938,0.5978979738421324,-0.3018801913309412,-0.1509400956654706,-0.22641014349820587,0.08080793383537938,0.9999999998956607,0.2324790244330206,0.0,0.0,-3.7792644747981483e-17,0.5978979738421324,0.2324790244330206,1.0000000000296503,0.0,0.0,-7.021700368447956e-17,-0.3018801913309412,0.0,0.0,0.9999999997898593,0.0,0.0,-0.1509400956654706,0.0,0.0,0.0,0.9999999997898593,0.0,-0.22641014349820587,-3.7792644747981483e-17,-7.021700368447956e-17,0.0,0.0,0.9999999997898593]},{"atoms":["H","Ne"],"basis":"sto-6g","numCols":6,"numRows":6,"positions":[0.0,0.0,0.0,1.0,0.5,0.75],"values":[0.9999999998823529,0.068830993598424,0.5441663789673774,-0.2634664273567385,-0.13173321367836924,-0.1975998205175539,0.068830993598424,0.9999999998789391,0.23744740247471421,0.0,0.0,5.221622680321002e-17,0.5441663789673774,0.23744740247471421,1.0000000000665323,0.0,0.0,-6.201258357066574e-17,-0.2634664273567385,0.0,0.0,0.9999999998583737,0.0,0.0,-0.13173321367836924,0.0,0.0,0.0,0.9999999998583737,0.0,-0.1975998205175539,5.221622680321002e-17,-6.201258357066574e-17,0.0,0.0,0.9999999998583737]},{"atoms":["H","Na"],"basis":"sto-6g","numCols":10,"numRows":10,"positions":[0.0,0.0,0.0,1.0,0.5,0.75],"values":[0.9999999998823529,0.059696582593220575,0.4557274039570374,-0.20376592308193517,-0.10188296154096758,-0.1528244423114514,0.7173729068577673,-0.4241902881762053,-0.21209514408810265,-0.31814271613215384,0.059696582593220575,0.9999999998341802,0.2743547331153646,0.0,0.0,-3.529513389473785e-18,0.017110988163917245,0.0,0.0,6.685643436579571e-18,0.4557274039570374,0.2743547331153646,1.0000000000718223,0.0,0.0,-2.0077013038505214e-16,0.4570720837043624,0.0,0.0,-9.4281209972284e-18,-0.20376592308193517,0.0,0.0,0.9999999998844127,0.0,0.0,0.0,0.45728817954211354,0.0,0.0,-0.10188296154096758,0.0,0.0,0.0,0.9999999998844127,0.0,0.0,0.0,0.45728817954211354,0.0,-0.1528244423114514,-3.529513389473785e-18,-2.0077013038505214e-16,0.0,0.0,0.9999999998844127,-5.512355731379496e-17,0.0,0.0,0.45728817954211354,0.7173729068577673,0.017110988163917245,0.4570720837043624,0.0,0.0,-5.512355731379496e-17,1.0000000000013993,0.0,0.0,-9.51531137966365e-17,-0.4241902881762053,0.0,0.0,0.45728817954211354,0.0,0.0,0.0,0.9999999999104499,0.0,0.0,-0.21209514408810265,0.0,0.0,0.0,0.45728817954211354,0.0,0.0,0.0,0.9999999999104499,0.0,-0.31814271613215384,6.685643436579571e-18,-9.4281209972284e-18,0.0,0.0,0.45728817954211354,-9.51531137966365e-17,0.0,0.0,0.9999999999104499]},{"atoms":["H","Mg"],"basis":"sto-6g","numCols":10,"numRows":10,"positions":[0.0,0.0,0.0,1.0,0.5,0.75],"values":[0.9999999998823529,0.05234207959671271,0.40301827809106083,-0.17018540578805375,-0.08509270289402687,-0.1276390543410403,0.712349044162341,-0.422652829900551,-0.2113264149502755,-0.31698962242541323,0.05234207959671271,0.9999999998608853,0.2851208466209322,0.0,0.0,-3.284744329392734e-17,0.012290772178374194,0.0,0.0,-2.5941243549894636e-18,0.40301827809106083,0.2851208466209322,1.0000000000541527,0.0,0.0,-2.9529758234415257e-17,0.36424153611079274,0.0,0.0,2.37606080058087e-18,-0.17018540578805375,0.0,0.0,0.9999999998517722,0.0,0.0,0.0,0.3645283434449336,0.0,0.0,-0.08509270289402687,0.0,0.0,0.0,0.9999999998517722,0.0,0.0,0.0,0.3645283434449336,0.0,-0.1276390543410403,-3.284744329392734e-17,-2.9529758234415257e-17,0.0,0.0,0.9999999998517722,-1.7052935804073228e-17,0.0,0.0,0.3645283434449336,0.712349044162341,0.012290772178374194,0.36424153611079274,0.0,0.0,-1.7052935804073228e-17,0.9999999999602681,0.0,0.0,-5.372686609708901e-17,-0.422652829900551,0.0,0.0,0.3645283434449336,0.0,0.0,0.0,0.9999999998646436,0.0,0.0,-0.2113264149502755,0.0,0.0,0.0,0.3645283434449336,0.0,0.0,0.0,0.9999999998646436,0.0,-0.31698962242541323,-2.5941243549894636e-18,2.37606080058087e-18,0.0,0.0,0.3645283434449336,-5.372686609708901e-17,0.0,0.0,0.9999999998646436]},{"atoms":["H","Al"],"basis":"sto-6g","numCols":10,"numRows":10,"positions":[0.0,0.0,0.0,1.0,0.5,0.75],"values":[0.9999999998823529,0.04643291350058511,0.353776138252702,-0.1402675498223969,-0.07013377491119845,-0.10520066236679768,0.712349044162341,-0.422652829900551,-0.2113264149502755,-0.31698962242541323,0.04643291350058511,0.9999999998882033,0.2985811513310834,0.0,0.0,-8.332764752732918e-17,0.009760052220719172,0.0,0.0,-8.184050860852716e-18,0.353776138252702,0.2985811513310834,1.000000000069001,0.0,0.0,-1.3709098112629332e-16,0.2996403049583196,0.0,0.0,4.241119383593455e-17,-0.1402675498223969,0.0,0.0,0.9999999998456884,0.0,0.0,0.0,0.2999733624095409,0.0,0.0,-0.07013377491119845,0.0,0.0,0.0,0.9999999998456884,0.0,0.0,0.0,0.2999733624095409,0.0,-0.10520066236679768,-8.332764752732918e-17,-1.3709098112629332e-16,0.0,0.0,0.9999999998456884,4.5040876221277984e-17,0.0,0.0,0.2999733624095409,0.712349044162341,0.009760052220719172,0.2996403049583196,0.0,0.0,4.5040876221277984e-17,0.9999999999602681,0.0,0.0,-5.372686609708901e-17,-0.422652829900551,0.0,0.0,0.2999733624095409,0.0,0.0,0.0,0.9999999998646436,0.0,0.0,-0.2113264149502755,0.0,0.0,0.0,0.2999733624095409,0.0,0.0,0.0,0.9999999998646436,0.0,-0.31698962242541323,-8.184050860852716e-18,4.241119383593455e-17,0.0,0.0,0.2999733624095409,-5.372686609708901e-17,0.0,0.0,0.9999999998646436]},{"atoms":["H","Si"],"basis":"sto-6g","numCols":10,"numRows":10,"positions":[0.0,0.0,0.0,1.0,0.5,0.75],"values":[0.9999999998823529,0.041554657610779956,0.3115359501231705,-0.11585661174316349,-0.057928305871581744,-0.08689245880737258,0.7173729068577673,-0.4241902881762053,-0.21209514408810265,-0.31814271613215384,0.041554657610779956,0.9999999999186368,0.3110285387633734,0.0,0.0,-8.140842812205625e-17,0.008557556283492779,0.0,0.0,2.6839391065463236e-18,0.3115359501231705,0.3110285387633734,1.0000000000835163,0.0,0.0,9.392253656411028e-17,0.26132799703858184,0.0,0.0,2.118926939093562e-18,-0.11585661174316349,0.0,0.0,0.9999999998708523,0.0,0.0,0.0,0.26168505159840705,0.0,0.0,-0.057928305871581744,0.0,0.0,0.0,0.9999999998708523,0.0,0.0,0.0,0.26168505159840705,0.0,-0.08689245880737258,-8.140842812205625e-17,9.392253656411028e-17,0.0,0.0,0.9999999998708523,1.741637866872585e-17,0.0,0.0,0.26168505159840705,0.7173729068577673,0.008557556283492779,0.26132799703858184,0.0,0.0,1.741637866872585e-17,1.0000000000013993,0.0,0.0,-9.51531137966365e-17,-0.4241902881762053,0.0,0.0,0.26168505159840705,0.0,0.0,0.0,0.9999999999104499,0.0,0.0,-0.21209514408810265,0.0,0.0,0.0,0.26168505159840705,0.0,0.0,0.0,0.9999999999104499,0.0,-0.31814271613215384,2.6839391065463236e-18,2.118926939093562e-18,0.0,0.0,0.26168505159840705,-9.51531137966365e-17,0.0,0.0,0.9999999999104499]},{"atoms":["H","P"],"basis":"sto-6g","numCols":10,"numRows":10,"positions":[0.0,0.0,0.0,1.0,0.5,0.75],"values":[0.9999999998823529,0.03747268998338997,0.2754680711687034,-0.09605417358012021,-0.048027086790060104,-0.07204063018509009,0.7267023271316781,-0.4251636598049669,-0.21258182990248345,-0.3188727448537252,0.03747268998338997,0.9999999998795043,0.32265514705992016,0.0,0.0,-9.379262130402518e-17,0.008886583712577797,0.0,0.0,4.665414989356794e-19,0.2754680711687034,0.32265514705992016,1.0000000000296903,0.0,0.0,1.0600752215655729e-16,0.2551424316879091,0.0,0.0,5.93401916155925e-17,-0.09605417358012021,0.0,0.0,0.9999999998171,0.0,0.0,0.0,0.2555030063705371,0.0,0.0,-0.048027086790060104,0.0,0.0,0.0,0.9999999998171,0.0,0.0,0.0,0.2555030063705371,0.0,-0.07204063018509009,-9.379262130402518e-17,1.0600752215655729e-16,0.0,0.0,0.9999999998171,-1.1013271922498927e-18,0.0,0.0,0.2555030063705371,0.7267023271316781,0.008886583712577797,0.2551424316879091,0.0,0.0,-1.1013271922498927e-18,1.0000000000153884,0.0,0.0,4.726438457281332e-18,-0.4251636598049669,0.0,0.0,0.2555030063705371,0.0,0.0,0.0,0.9999999998584747,0.0,0.0,-0.21258182990248345,0.0,0.0,0.0,0.2555030063705371,0.0,0.0,0.0,0.9999999998584747,0.0,-0.3188727448537252,4.665414989356794e-19,5.93401916155925e-17,0.0,0.0,0.2555030063705371,4.726438457281332e-18,0.0,0.0,0.9999999998584747]},{"atoms":["H","S"],"basis":"sto-6g","numCols":10,"numRows":10,"positions":[0.0,0.0,0.0,1.0,0.5,0.75],"values":[0.9999999998823529,0.03401663623710692,0.24526493384192236,-0.08030954878634342,-0.04015477439317171,-0.06023216158975758,0.7286998954543097,-0.4215587647525457,-0.21077938237627286,-0.3161690735644093,0.03401663623710692,0.9999999998615906,0.3327950047371458,0.0,0.0,-1.4194427316361214e-16,0.009180552890652175,0.0,0.0,-1.3992579978784326e-18,0.24526493384192236,0.3327950047371458,1.0000000000534066,0.0,0.0,-7.708634195006906e-17,0.2500010096739896,0.0,0.0,8.121859748314903e-18,-0.08030954878634342,0.0,0.0,0.9999999998443047,0.0,0.0,0.0,0.2503644224714623,0.0,0.0,-0.04015477439317171,0.0,0.0,0.0,0.9999999998443047,0.0,0.0,0.0,0.2503644224714623,0.0,-0.06023216158975758,-1.4194427316361214e-16,-7.708634195006906e-17,0.0,0.0,0.9999999998443047,8.966470571513386e-18,0.0,0.0,0.2503644224714623,0.7286998954543097,0.009180552890652175,0.2500010096739896,0.0,0.0,8.966470571513386e-18,0.9999999999549468,0.0,0.0,-1.3738334158901117e-17,-0.4215587647525457,0.0,0.0,0.2503644224714623,0.0,0.0,0.0,0.9999999998812289,0.0,0.0,-0.21077938237627286,0.0,0.0,0.0,0.2503644224714623,0.0,0.0,0.0,0.9999999998812289,0.0,-0.3161690735644093,-1.3992579978784326e-18,8.121859748314903e-18,0.0,0.0,0.2503644224714623,-1.3738334158901117e-17,0.0,0.0,0.9999999998812289]},{"atoms":["H","Cl"],"basis":"sto-6g","numCols":10,"numRows":10,"positions":[0.0,0.0,0.0,1.0,0.5,0.75],"values":[0.9999999998823529,0.031088445356567344,0.22031798893976204,-0.06795244651361973,-0.033976223256809865,-0.05096433488521483,0.7279974370940088,-0.41951834193221343,-0.20975917096610672,-0.31463875644915995,0.031088445356567344,0.9999999998792045,0.3412400071616706,0.0,0.0,1.5255245072079437e-16,0.008267085371192818,0.0,0.0,2.5130473441575988e-18,0.22031798893976204,0.3412400071616706,1.000000000038351,0.0,0.0,1.0509831784347129e-16,0.22484146969898516,0.0,0.0,-2.2538898140846687e-18,-0.06795244651361973,0.0,0.0,0.9999999998254543,0.0,0.0,0.0,0.22521748592364987,0.0,0.0,-0.033976223256809865,0.0,0.0,0.0,0.9999999998254543,0.0,0.0,0.0,0.22521748592364987,0.0,-0.05096433488521483,1.5255245072079437e-16,1.0509831784347129e-16,0.0,0.0,0.9999999998254543,2.0871204722192198e-17,0.0,0.0,0.22521748592364987,0.7279974370940088,0.008267085371192818,0.22484146969898516,0.0,0.0,2.0871204722192198e-17,1.0000000000052487,0.0,0.0,1.3209342827168917e-17,-0.41951834193221343,0.0,0.0,0.22521748592364987,0.0,0.0,0.0,0.9999999998326765,0.0,0.0,-0.20975917096610672,0.0,0.0,0.0,0.22521748592364987,0.0,0.0,0.0,0.9999999998326765,0.0,-0.31463875644915995,2.5130473441575988e-18,-2.2538898140846687e-18,0.0,0.0,0.22521748592364987,1.3209342827168917e-17,0.0,0.0,0.9999999998326765]},{"atoms":["H","Ar"],"basis":"sto-6g","numCols":10,"numRows":10,"positions":[0.0,0.0,0.0,1.0,0.5,0.75],"values":[0.9999999998823529,0.028532404689219977,0.19868369508683986,-0.05776347093759805,-0.028881735468799026,-0.043322603203198494,0.7177375121131225,-0.4059437538535489,-0.20297187692677446,-0.3044578153901617,0.028532404689219977,0.9999999998976401,0.34917032917455143,0.0,0.0,-3.036237479699611e-17,0.009462642468858442,0.0,0.0,1.2087182764658998e-18,0.19868369508683986,0.34917032917455143,1.000000000007509,0.0,0.0,-2.2752713381370258e-17,0.23862446673249277,0.0,0.0,6.407035273931837e-17,-0.05776347093759805,0.0,0.0,0.9999999997752795,0.0,0.0,0.0,0.2389938558195303,0.0,0.0,-0.028881735468799026,0.0,0.0,0.0,0.9999999997752795,0.0,0.0,0.0,0.2389938558195303,0.0,-0.043322603203198494,-3.036237479699611e-17,-2.2752713381370258e-17,0.0,0.0,0.9999999997752795,9.355110730047099e-18,0.0,0.0,0.2389938558195303,0.7177375121131225,0.009462642468858442,0.23862446673249277,0.0,0.0,9.355110730047099e-18,0.9999999999762065,0.0,0.0,-3.485861096511454e-18,-0.4059437538535489,0.0,0.0,0.2389938558195303,0.0,0.0,0.0,0.9999999998987106,0.0,0.0,-0.20297187692677446,0.0,0.0,0.0,0.2389938558195303,0.0,0.0,0.0,0.9999999998987106,0.0,-0.3044578153901617,1.2087182764658998e-18,6.407035273931837e-17,0.0,0.0,0.2389938558195303,-3.485861096511454e-18,0.0,0.0,0.9999999998987106]},{"atoms":["H","K"],"basis":"sto-6g","numCols":14,"numRows":14,"positions":[0.0,0.0,0.0,1.0,0.5,0.75],"values":[0.9999999998823529,0.025801883235178506,0.17880218281748336,-0.048875970555683546,-0.024437985277841773,-0.036656977916762624,0.6788735641796836,-0.3699090195612667,-0.18495450978063335,-0.2774317646709501,0.5279249608102724,-0.3276073543931624,-0.1638036771965812,-0.24570551579487182,0.025801883235178506,0.9999999999144972,0.3526071739324054,0.0,0.0,4.913475502509863e-17,0.012553132128621816,0.0,0.0,7.35189150039033e-18,-8.510957274505525e-07,0.0,0.0,-1.6919619064957953e-20,0.17880218281748336,0.3526071739324054,1.0000000000576894,0.0,0.0,1.9656260508735363e-16,0.2841248042565071,0.0,0.0,5.075786740680792e-17,0.01752063024021221,0.0,0.0,1.1932135648717174e-18,-0.048875970555683546,0.0,0.0,0.9999999998236248,0.0,0.0,0.0,0.28446799176377513,0.0,0.0,0.0,0.017781119873481875,0.0,0.0,-0.024437985277841773,0.0,0.0,0.0,0.9999999998236248,0.0,0.0,0.0,0.28446799176377513,0.0,0.0,0.0,0.017781119873481875,0.0,-0.036656977916762624,4.913475502509863e-17,1.9656260508735363e-16,0.0,0.0,0.9999999998236248,-4.81101520000888e-17,0.0,0.0,0.28446799176377513,5.142860047195435e-17,0.0,0.0,0.017781119873481875,0.6788735641796836,0.012553132128621816,0.2841248042565071,0.0,0.0,-4.81101520000888e-17,1.0000000000166058,0.0,0.0,-7.03809262501614e-17,0.44303519028579513,0.0,0.0,-1.3094367744510086e-17,-0.3699090195612667,0.0,0.0,0.28446799176377513,0.0,0.0,0.0,0.9999999998913263,0.0,0.0,0.0,0.4431184722633286,0.0,0.0,-0.18495450978063335,0.0,0.0,0.0,0.28446799176377513,0.0,0.0,0.0,0.9999999998913263,0.0,0.0,0.0,0.4431184722633286,0.0,-0.2774317646709501,7.35189150039033e-18,5.075786740680792e-17,0.0,0.0,0.28446799176377513,-7.03809262501614e-17,0.0,0.0,0.9999999998913263,3.5383889016063896e-18,0.0,0.0,0.4431184722633286,0.5279249608102724,-8.510957274505525e-07,0.01752063024021221,0.0,0.0,5.142860047195435e-17,0.44303519028579513,0.0,0.0,3.5383889016063896e-18,0.999999999976888,0.0,0.0,-8.706647032615298e-18,-0.3276073543931624,0.0,0.0,0.017781119873481875,0.0,0.0,0.0,0.4431184722633286,0.0,0.0,0.0,1.0000000000155191,0.0,0.0,-0.1638036771965812,0.0,0.0,0.0,0.017781119873481875,0.0,0.0,0.0,0.4431184722633286,0.0,0.0,0.0,1.0000000000155191,0.0,-0.24570551579487182,-1.6919619064957953e-20,1.1932135648717174e-18,0.0,0.0,0.017781119873481875,-1.3094367744510086e-17,0.0,0.0,0.4431184722633286,-8.706647032615298e-18,0.0,0.0,1.0000000000155191]},{"atoms":["H","Ca"],"basis":"sto-6g","numCols":14,"numRows":14,"positions":[0.0,0.0,0.0,1.0,0.5,0.75],"values":[0.9999999998823529,0.023912436055293126,0.163121467645352,-0.042217460808812814,-0.021108730404406407,-0.031663095606609626,0.647801595182424,-0.3443134470972352,-0.1721567235486176,-0.25823508532292644,0.49988755514140426,-0.31092903400427185,-0.15546451700213593,-0.23319677550320392,0.023912436055293126,0.9999999998732713,0.3590623245697691,0.0,0.0,1.9248116468013723e-16,0.014042535550353237,0.0,0.0,-2.724372974820719e-18,-4.4359710717337304e-05,0.0,0.0,5.965165118615788e-19,0.163121467645352,0.3590623245697691,1.0000000000829716,0.0,0.0,4.056019671970772e-17,0.2982148550643076,0.0,0.0,9.90969382389772e-18,0.011812454018527868,0.0,0.0,3.3056132472142344e-19,-0.042217460808812814,0.0,0.0,0.9999999998672139,0.0,0.0,0.0,0.2985488636598985,0.0,0.0,0.0,0.012073269052006789,0.0,0.0,-0.021108730404406407,0.0,0.0,0.0,0.9999999998672139,0.0,0.0,0.0,0.2985488636598985,0.0,0.0,0.0,0.012073269052006789,0.0,-0.031663095606609626,1.9248116468013723e-16,4.056019671970772e-17,0.0,0.0,0.9999999998672139,-1.132560885484924e-17,0.0,0.0,0.2985488636598985,-1.2676807954160459e-17,0.0,0.0,0.012073269052006789,0.647801595182424,0.014042535550353237,0.2982148550643076,0.0,0.0,-1.132560885484924e-17,0.9999999999532335,0.0,0.0,1.4766965883364246e-17,0.339753053847367,0.0,0.0,-2.5986188933707663e-17,-0.3443134470972352,0.0,0.0,0.2985488636598985,0.0,0.0,0.0,0.9999999998033782,0.0,0.0,0.0,0.3398683244987866,0.0,0.0,-0.1721567235486176,0.0,0.0,0.0,0.2985488636598985,0.0,0.0,0.0,0.9999999998033782,0.0,0.0,0.0,0.3398683244987866,0.0,-0.25823508532292644,-2.724372974820719e-18,9.90969382389772e-18,0.0,0.0,0.2985488636598985,1.4766965883364246e-17,0.0,0.0,0.9999999998033782,-1.0081791851329041e-16,0.0,0.0,0.3398683244987866,0.49988755514140426,-4.4359710717337304e-05,0.011812454018527868,0.0,0.0,-1.2676807954160459e-17,0.339753053847367,0.0,0.0,-1.0081791851329041e-16,0.9999999999843997,0.0,0.0,-1.6325010411708377e-17,-0.31092903400427185,0.0,0.0,0.012073269052006789,0.0,0.0,0.0,0.3398683244987866,0.0,0.0,0.0,0.9999999999846365,0.0,0.0,-0.15546451700213593,0.0,0.0,0.0,0.012073269052006789,0.0,0.0,0.0,0.3398683244987866,0.0,0.0,0.0,0.9999999999846365,0.0,-0.23319677550320392,5.965165118615788e-19,3.3056132472142344e-19,0.0,0.0,0.012073269052006789,-2.5986188933707663e-17,0.0,0.0,0.3398683244987866,-1.6325010411708377e-17,0.0,0.0,0.9999999999846365]},{"atoms":["He","H"],"basis":"sto-6g","numCols":2,"numRows":2,"positions":[0.0,0.0,0.0,1.0,0.5,0.75],"values":[0.999999999897583,0.5808000211654882,0.5808000211654882,0.9999999998823529]},{"atoms":["He","He"],"basis":"sto-6g","numCols":2,"numRows":2,"positions":[0.0,0.0,0.0,1.0,0.5,0.75],"values":[0.999999999897583,0.5139485699196706,0.5139485699196706,0.999999999897583]},{"atoms":["He","Li"],"basis":"sto-6g","numCols":6,"numRows":6,"positions":[0.0,0.0,0.0,1.0,0.5,0.75],"values":[0.999999999897583,0.352411373872169,0.43010295727983544,-0.3250553650159892,-0.1625276825079946,-0.24379152376199184,0.352411373872169,0.9999999999366367,0.23574220971158452,0.0,0.0,9.74739861854741e-18,0.43010295727983544,0.23574220971158452,1.0000000000781544,0.0,0.0,1.1820558644731102e-18,-0.3250553650159892,0.0,0.0,0.9999999998730142,0.0,0.0,-0.1625276825079946,0.0,0.0,0.0,0.9999999998730142,0.0,-0.24379152376199184,9.74739861854741e-18,1.1820558644731102e-18,0.0,0.0,0.9999999998730142]},{"atoms":["He","Be"],"basis":"sto-6g","numCols":6,"numRows":6,"positions":[0.0,0.0,0.0,1.0,0.5,0.75],"values":[0.999999999897583,0.24399896175504485,0.5596124852948616,-0.4136357025642992,-0.2068178512821496,-0.3102267769232243,0.24399896175504485,0.9999999999151512,0.2547643174262812,0.0,0.0,-1.1196177217925143e-17,0.5596124852948616,0.2547643174262812,1.0000000000759521,0.0,0.0,-2.3348951016761688e-18,-0.4136357025642992,0.0,0.0,0.9999999998314308,0.0,0.0,-0.2068178512821496,0.0,0.0,0.0,0.9999999998314308,0.0,-0.3102267769232243,-1.1196177217925143e-17,-2.3348951016761688e-18,0.0,0.0,0.9999999998314308]},{"atoms":["He","B"],"basis":"sto-6g","numCols":6,"numRows":6,"positions":[0.0,0.0,0.0,1.0,0.5,0.75],"values":[0.999999999897583,0.17628356188841063,0.6090123223984671,-0.4384967743725051,-0.21924838718625256,-0.32887258077937886,0.17628356188841063,0.9999999998995068,0.26489066839856534,0.0,0.0,-1.0839174098029798e-17,0.6090123223984671,0.26489066839856534,1.0000000001242741,0.0,0.0,-4.292256622740876e-17,-0.4384967743725051,0.0,0.0,0.99999999982392,0.0,0.0,-0.21924838718625256,0.0,0.0,0.0,0.99999999982392,0.0,-0.32887258077937886,-1.0839174098029798e-17,-4.292256622740876e-17,0.0,0.0,0.99999999982392]},{"atoms":["He","C"],"basis":"sto-6g","numCols":6,"numRows":6,"positions":[0.0,0.0,0.0,1.0,0.5,0.75],"values":[0.999999999897583,0.13376882088882305,0.6122700814884026,-0.43281481383895964,-0.21640740691947982,-0.3246111103792196,0.13376882088882305,0.9999999998877056,0.24322804495640374,0.0,0.0,3.621469387010827e-18,0.6122700814884026,0.24322804495640374,1.0000000000321612,0.0,0.0,-3.769065687403476e-18,-0.43281481383895964,0.0,0.0,0.9999999997757303,0.0,0.0,-0.21640740691947982,0.0,0.0,0.0,0.9999999997757303,0.0,-0.3246111103792196,3.621469387010827e-18,-3.769065687403476e-18,0.0,0.0,0.9999999997757303]},{"atoms":["He","N"],"basis":"sto-6g","numCols":6,"numRows":6,"positions":[0.0,0.0,0.0,1.0,0.5,0.75],"values":[0.999999999897583,0.10522372046960049,0.6010141403340705,-0.41617973952804305,-0.20808986976402152,-0.31213480464603227,0.10522372046960049,0.999999999901976,0.22941578706604215,0.0,0.0,-4.493134732708475e-18,0.6010141403340705,0.22941578706604215,1.0000000000657512,0.0,0.0,-5.865020894996334e-17,-0.41617973952804305,0.0,0.0,0.9999999998428477,0.0,0.0,-0.20808986976402152,0.0,0.0,0.0,0.9999999998428477,0.0,-0.31213480464603227,-4.493134732708475e-18,-5.865020894996334e-17,0.0,0.0,0.9999999998428477]},{"atoms":["He","O"],"basis":"sto-6g","numCols":6,"numRows":6,"positions":[0.0,0.0,0.0,1.0,0.5,0.75],"values":[0.999999999897583,0.08555805298474282,0.5725103225216933,-0.38513562499855314,-0.19256781249927657,-0.28885171874891497,0.08555805298474282,0.9999999998775658,0.23114487654710722,0.0,0.0,4.514674030683632e-18,0.5725103225216933,0.23114487654710722,1.0000000000404987,0.0,0.0,1.167583363135487e-17,-0.38513562499855314,0.0,0.0,0.9999999998438133,0.0,0.0,-0.19256781249927657,0.0,0.0,0.0,0.9999999998438133,0.0,-0.28885171874891497,4.514674030683632e-18,1.167583363135487e-17,0.0,0.0,0.9999999998438133]},{"atoms":["He","F"],"basis":"sto-6g","numCols":6,"numRows":6,"positions":[0.0,0.0,0.0,1.0,0.5,0.75],"values":[0.999999999897583,0.07128055753166201,0.5358890978394185,-0.34950334202201916,-0.17475167101100958,-0.26212750651651445,0.07128055753166201,0.9999999998956607,0.2324790244330206,0.0,0.0,-3.7792644747981483e-17,0.5358890978394185,0.2324790244330206,1.0000000000296503,0.0,0.0,-7.021700368447956e-17,-0.34950334202201916,0.0,0.0,0.9999999997898593,0.0,0.0,-0.17475167101100958,0.0,0.0,0.0,0.9999999997898593,0.0,-0.26212750651651445,-3.7792644747981483e-17,-7.021700368447956e-17,0.0,0.0,0.9999999997898593]},{"atoms":["He","Ne"],"basis":"sto-6g","numCols":6,"numRows":6,"positions":[0.0,0.0,0.0,1.0,0.5,0.75],"values":[0.999999999897583,0.06055579409392825,0.49238521452433187,-0.30974463273709346,-0.15487231636854673,-0.23230847455282005,0.06055579409392825,0.9999999998789391,0.23744740247471421,0.0,0.0,5.221622680321002e-17,0.49238521452433187,0.23744740247471421,1.0000000000665323,0.0,0.0,-6.201258357066574e-17,-0.30974463273709346,0.0,0.0,0.9999999998583737,0.0,0.0,-0.15487231636854673,0.0,0.0,0.0,0.9999999998583737,0.0,-0.23230847455282005,5.221622680321002e-17,-6.201258357066574e-17,0.0,0.0,0.9999999998583737]},{"atoms":["He","Na"],"basis":"sto-6g","numCols":10,"numRows":10,"positions":[0.0,0.0,0.0,1.0,0.5,0.75],"values":[0.999999999897583,0.052416192824864406,0.4158855150293778,-0.24396892809189635,-0.12198446404594818,-0.18297669606892225,0.5767396923380314,-0.4307394795756845,-0.21536973978784224,-0.3230546096817633,0.052416192824864406,0.9999999998341802,0.2743547331153646,0.0,0.0,-3.529513389473785e-18,0.017110988163917245,0.0,0.0,6.685643436579571e-18,0.4158855150293778,0.2743547331153646,1.0000000000718223,0.0,0.0,-2.0077013038505214e-16,0.4570720837043624,0.0,0.0,-9.4281209972284e-18,-0.24396892809189635,0.0,0.0,0.9999999998844127,0.0,0.0,0.0,0.45728817954211354,0.0,0.0,-0.12198446404594818,0.0,0.0,0.0,0.9999999998844127,0.0,0.0,0.0,0.45728817954211354,0.0,-0.18297669606892225,-3.529513389473785e-18,-2.0077013038505214e-16,0.0,0.0,0.9999999998844127,-5.512355731379496e-17,0.0,0.0,0.45728817954211354,0.5767396923380314,0.017110988163917245,0.4570720837043624,0.0,0.0,-5.512355731379496e-17,1.0000000000013993,0.0,0.0,-9.51531137966365e-17,-0.4307394795756845,0.0,0.0,0.45728817954211354,0.0,0.0,0.0,0.9999999999104499,0.0,0.0,-0.21536973978784224,0.0,0.0,0.0,0.45728817954211354,0.0,0.0,0.0,0.9999999999104499,0.0,-0.3230546096817633,6.685643436579571e-18,-9.4281209972284e-18,0.0,0.0,0.45728817954211354,-9.51531137966365e-17,0.0,0.0,0.9999999999104499]},{"atoms":["He","Mg"],"basis":"sto-6g","numCols":10,"numRows":10,"positions":[0.0,0.0,0.0,1.0,0.5,0.75],"values":[0.999999999897583,0.04588778626933751,0.3683884058481641,-0.2053202539241573,-0.10266012696207864,-0.15399019044311799,0.5685317925884058,-0.4257771234926879,-0.21288856174634396,-0.31933284261951583,0.04588778626933751,0.9999999998608853,0.2851208466209322,0.0,0.0,-3.284744329392734e-17,0.012290772178374194,0.0,0.0,-2.5941243549894636e-18,0.3683884058481641,0.2851208466209322,1.0000000000541527,0.0,0.0,-2.9529758234415257e-17,0.36424153611079274,0.0,0.0,2.37606080058087e-18,-0.2053202539241573,0.0,0.0,0.9999999998517722,0.0,0.0,0.0,0.3645283434449336,0.0,0.0,-0.10266012696207864,0.0,0.0,0.0,0.9999999998517722,0.0,0.0,0.0,0.3645283434449336,0.0,-0.15399019044311799,-3.284744329392734e-17,-2.9529758234415257e-17,0.0,0.0,0.9999999998517722,-1.7052935804073228e-17,0.0,0.0,0.3645283434449336,0.5685317925884058,0.012290772178374194,0.36424153611079274,0.0,0.0,-1.7052935804073228e-17,0.9999999999602681,0.0,0.0,-5.372686609708901e-17,-0.4257771234926879,0.0,0.0,0.3645283434449336,0.0,0.0,0.0,0.9999999998646436,0.0,0.0,-0.21288856174634396,0.0,0.0,0.0,0.3645283434449336,0.0,0.0,0.0,0.9999999998646436,0.0,-0.31933284261951583,-2.5941243549894636e-18,2.37606080058087e-18,0.0,0.0,0.3645283434449336,-5.372686609708901e-17,0.0,0.0,0.9999999998646436]},{"atoms":["He","Al"],"basis":"sto-6g","numCols":10,"numRows":10,"positions":[0.0,0.0,0.0,1.0,0.5,0.75],"values":[0.999999999897583,0.04065841862745888,0.32318071051377273,-0.17008503068874106,-0.08504251534437053,-0.12756377301655578,0.5685317925884058,-0.4257771234926879,-0.21288856174634396,-0.31933284261951583,0.04065841862745888,0.9999999998882033,0.2985811513310834,0.0,0.0,-8.332764752732918e-17,0.009760052220719172,0.0,0.0,-8.184050860852716e-18,0.32318071051377273,0.2985811513310834,1.000000000069001,0.0,0.0,-1.3709098112629332e-16,0.2996403049583196,0.0,0.0,4.241119383593455e-17,-0.17008503068874106,0.0,0.0,0.9999999998456884,0.0,0.0,0.0,0.2999733624095409,0.0,0.0,-0.08504251534437053,0.0,0.0,0.0,0.9999999998456884,0.0,0.0,0.0,0.2999733624095409,0.0,-0.12756377301655578,-8.332764752732918e-17,-1.3709098112629332e-16,0.0,0.0,0.9999999998456884,4.5040876221277984e-17,0.0,0.0,0.2999733624095409,0.5685317925884058,0.009760052220719172,0.2996403049583196,0.0,0.0,4.5040876221277984e-17,0.9999999999602681,0.0,0.0,-5.372686609708901e-17,-0.4257771234926879,0.0,0.0,0.2999733624095409,0.0,0.0,0.0,0.9999999998646436,0.0,0.0,-0.21288856174634396,0.0,0.0,0.0,0.2999733624095409,0.0,0.0,0.0,0.9999999998646436,0.0,-0.31933284261951583,-8.184050860852716e-18,4.241119383593455e-17,0.0,0.0,0.2999733624095409,-5.372686609708901e-17,0.0,0.0,0.9999999998646436]},{"atoms":["He","Si"],"basis":"sto-6g","numCols":10,"numRows":10,"positions":[0.0,0.0,0.0,1.0,0.5,0.75],"values":[0.999999999897583,0.036351923723426084,0.2839799486534787,-0.140868046355915,-0.0704340231779575,-0.10565103476693621,0.5767396923380314,-0.4307394795756845,-0.21536973978784224,-0.3230546096817633,0.036351923723426084,0.9999999999186368,0.3110285387633734,0.0,0.0,-8.140842812205625e-17,0.008557556283492779,0.0,0.0,2.6839391065463236e-18,0.2839799486534787,0.3110285387633734,1.0000000000835163,0.0,0.0,9.392253656411028e-17,0.26132799703858184,0.0,0.0,2.118926939093562e-18,-0.140868046355915,0.0,0.0,0.9999999998708523,0.0,0.0,0.0,0.26168505159840705,0.0,0.0,-0.0704340231779575,0.0,0.0,0.0,0.9999999998708523,0.0,0.0,0.0,0.26168505159840705,0.0,-0.10565103476693621,-8.140842812205625e-17,9.392253656411028e-17,0.0,0.0,0.9999999998708523,1.741637866872585e-17,0.0,0.0,0.26168505159840705,0.5767396923380314,0.008557556283492779,0.26132799703858184,0.0,0.0,1.741637866872585e-17,1.0000000000013993,0.0,0.0,-9.51531137966365e-17,-0.4307394795756845,0.0,0.0,0.26168505159840705,0.0,0.0,0.0,0.9999999999104499,0.0,0.0,-0.21536973978784224,0.0,0.0,0.0,0.26168505159840705,0.0,0.0,0.0,0.9999999999104499,0.0,-0.3230546096817633,2.6839391065463236e-18,2.118926939093562e-18,0.0,0.0,0.26168505159840705,-9.51531137966365e-17,0.0,0.0,0.9999999999104499]},{"atoms":["He","P"],"basis":"sto-6g","numCols":10,"numRows":10,"positions":[0.0,0.0,0.0,1.0,0.5,0.75],"values":[0.999999999897583,0.03275554834268165,0.25033813124903764,-0.11691529085977577,-0.058457645429887885,-0.0876864681448318,0.5960124140557437,-0.44131548469236465,-0.22065774234618232,-0.33098661351927355,0.03275554834268165,0.9999999998795043,0.32265514705992016,0.0,0.0,-9.379262130402518e-17,0.008886583712577797,0.0,0.0,4.665414989356794e-19,0.25033813124903764,0.32265514705992016,1.0000000000296903,0.0,0.0,1.0600752215655729e-16,0.2551424316879091,0.0,0.0,5.93401916155925e-17,-0.11691529085977577,0.0,0.0,0.9999999998171,0.0,0.0,0.0,0.2555030063705371,0.0,0.0,-0.058457645429887885,0.0,0.0,0.0,0.9999999998171,0.0,0.0,0.0,0.2555030063705371,0.0,-0.0876864681448318,-9.379262130402518e-17,1.0600752215655729e-16,0.0,0.0,0.9999999998171,-1.1013271922498927e-18,0.0,0.0,0.2555030063705371,0.5960124140557437,0.008886583712577797,0.2551424316879091,0.0,0.0,-1.1013271922498927e-18,1.0000000000153884,0.0,0.0,4.726438457281332e-18,-0.44131548469236465,0.0,0.0,0.2555030063705371,0.0,0.0,0.0,0.9999999998584747,0.0,0.0,-0.22065774234618232,0.0,0.0,0.0,0.2555030063705371,0.0,0.0,0.0,0.9999999998584747,0.0,-0.33098661351927355,4.665414989356794e-19,5.93401916155925e-17,0.0,0.0,0.2555030063705371,4.726438457281332e-18,0.0,0.0,0.9999999998584747]},{"atoms":["He","S"],"basis":"sto-6g","numCols":10,"numRows":10,"positions":[0.0,0.0,0.0,1.0,0.5,0.75],"values":[0.999999999897583,0.0297155933710157,0.22213218800258558,-0.09774510631859623,-0.048872553159298115,-0.0733088297389472,0.608084549703399,-0.44614802773982704,-0.22307401386991352,-0.3346110208048703,0.0297155933710157,0.9999999998615906,0.3327950047371458,0.0,0.0,-1.4194427316361214e-16,0.009180552890652175,0.0,0.0,-1.3992579978784326e-18,0.22213218800258558,0.3327950047371458,1.0000000000534066,0.0,0.0,-7.708634195006906e-17,0.2500010096739896,0.0,0.0,8.121859748314903e-18,-0.09774510631859623,0.0,0.0,0.9999999998443047,0.0,0.0,0.0,0.2503644224714623,0.0,0.0,-0.048872553159298115,0.0,0.0,0.0,0.9999999998443047,0.0,0.0,0.0,0.2503644224714623,0.0,-0.0733088297389472,-1.4194427316361214e-16,-7.708634195006906e-17,0.0,0.0,0.9999999998443047,8.966470571513386e-18,0.0,0.0,0.2503644224714623,0.608084549703399,0.009180552890652175,0.2500010096739896,0.0,0.0,8.966470571513386e-18,0.9999999999549468,0.0,0.0,-1.3738334158901117e-17,-0.44614802773982704,0.0,0.0,0.2503644224714623,0.0,0.0,0.0,0.9999999998812289,0.0,0.0,-0.22307401386991352,0.0,0.0,0.0,0.2503644224714623,0.0,0.0,0.0,0.9999999998812289,0.0,-0.3346110208048703,-1.3992579978784326e-18,8.121859748314903e-18,0.0,0.0,0.2503644224714623,-1.3738334158901117e-17,0.0,0.0,0.9999999998812289]},{"atoms":["He","Cl"],"basis":"sto-6g","numCols":10,"numRows":10,"positions":[0.0,0.0,0.0,1.0,0.5,0.75],"values":[0.999999999897583,0.027143413715121408,0.19886287756406085,-0.08264288190491136,-0.04132144095245568,-0.061982161428683534,0.6106921505879606,-0.44664208324094107,-0.22332104162047053,-0.3349815624307058,0.027143413715121408,0.9999999998792045,0.3412400071616706,0.0,0.0,1.5255245072079437e-16,0.008267085371192818,0.0,0.0,2.5130473441575988e-18,0.19886287756406085,0.3412400071616706,1.000000000038351,0.0,0.0,1.0509831784347129e-16,0.22484146969898516,0.0,0.0,-2.2538898140846687e-18,-0.08264288190491136,0.0,0.0,0.9999999998254543,0.0,0.0,0.0,0.22521748592364987,0.0,0.0,-0.04132144095245568,0.0,0.0,0.0,0.9999999998254543,0.0,0.0,0.0,0.22521748592364987,0.0,-0.061982161428683534,1.5255245072079437e-16,1.0509831784347129e-16,0.0,0.0,0.9999999998254543,2.0871204722192198e-17,0.0,0.0,0.22521748592364987,0.6106921505879606,0.008267085371192818,0.22484146969898516,0.0,0.0,2.0871204722192198e-17,1.0000000000052487,0.0,0.0,1.3209342827168917e-17,-0.44664208324094107,0.0,0.0,0.22521748592364987,0.0,0.0,0.0,0.9999999998326765,0.0,0.0,-0.22332104162047053,0.0,0.0,0.0,0.22521748592364987,0.0,0.0,0.0,0.9999999998326765,0.0,-0.3349815624307058,2.5130473441575988e-18,-2.2538898140846687e-18,0.0,0.0,0.22521748592364987,1.3209342827168917e-17,0.0,0.0,0.9999999998326765]},{"atoms":["He","Ar"],"basis":"sto-6g","numCols":10,"numRows":10,"positions":[0.0,0.0,0.0,1.0,0.5,0.75],"values":[0.999999999897583,0.024900665173601587,0.17873723103356354,-0.07016716461106012,-0.03508358230553006,-0.05262537345829507,0.6149542392396972,-0.442917735330051,-0.2214588676650255,-0.3321883014975383,0.024900665173601587,0.9999999998976401,0.34917032917455143,0.0,0.0,-3.036237479699611e-17,0.009462642468858442,0.0,0.0,1.2087182764658998e-18,0.17873723103356354,0.34917032917455143,1.000000000007509,0.0,0.0,-2.2752713381370258e-17,0.23862446673249277,0.0,0.0,6.407035273931837e-17,-0.07016716461106012,0.0,0.0,0.9999999997752795,0.0,0.0,0.0,0.2389938558195303,0.0,0.0,-0.03508358230553006,0.0,0.0,0.0,0.9999999997752795,0.0,0.0,0.0,0.2389938558195303,0.0,-0.05262537345829507,-3.036237479699611e-17,-2.2752713381370258e-17,0.0,0.0,0.9999999997752795,9.355110730047099e-18,0.0,0.0,0.2389938558195303,0.6149542392396972,0.009462642468858442,0.23862446673249277,0.0,0.0,9.355110730047099e-18,0.9999999999762065,0.0,0.0,-3.485861096511454e-18,-0.442917735330051,0.0,0.0,0.2389938558195303,0.0,0.0,0.0,0.9999999998987106,0.0,0.0,-0.2214588676650255,0.0,0.0,0.0,0.2389938558195303,0.0,0.0,0.0,0.9999999998987106,0.0,-0.3321883014975383,1.2087182764658998e-18,6.407035273931837e-17,0.0,0.0,0.2389938558195303,-3.485861096511454e-18,0.0,0.0,0.9999999998987106]},{"atoms":["He","K"],"basis":"sto-6g","numCols":14,"numRows":14,"positions":[0.0,0.0,0.0,1.0,0.5,0.75],"values":[0.999999999897583,0.02250734840023522,0.16031046535496915,-0.059278729188428185,-0.029639364594214093,-0.04445904689132111,0.59836023697119,-0.4178434970454665,-0.20892174852273326,-0.3133826227840999,0.3647983664153492,-0.2839306925078546,-0.1419653462539273,-0.2129480193808909,0.02250734840023522,0.9999999999144972,0.3526071739324054,0.0,0.0,4.913475502509863e-17,0.012553132128621816,0.0,0.0,7.35189150039033e-18,-8.510957274505525e-07,0.0,0.0,-1.6919619064957953e-20,0.16031046535496915,0.3526071739324054,1.0000000000576894,0.0,0.0,1.9656260508735363e-16,0.2841248042565071,0.0,0.0,5.075786740680792e-17,0.01752063024021221,0.0,0.0,1.1932135648717174e-18,-0.059278729188428185,0.0,0.0,0.9999999998236248,0.0,0.0,0.0,0.28446799176377513,0.0,0.0,0.0,0.017781119873481875,0.0,0.0,-0.029639364594214093,0.0,0.0,0.0,0.9999999998236248,0.0,0.0,0.0,0.28446799176377513,0.0,0.0,0.0,0.017781119873481875,0.0,-0.04445904689132111,4.913475502509863e-17,1.9656260508735363e-16,0.0,0.0,0.9999999998236248,-4.81101520000888e-17,0.0,0.0,0.28446799176377513,5.142860047195435e-17,0.0,0.0,0.017781119873481875,0.59836023697119,0.012553132128621816,0.2841248042565071,0.0,0.0,-4.81101520000888e-17,1.0000000000166058,0.0,0.0,-7.03809262501614e-17,0.44303519028579513,0.0,0.0,-1.3094367744510086e-17,-0.4178434970454665,0.0,0.0,0.28446799176377513,0.0,0.0,0.0,0.9999999998913263,0.0,0.0,0.0,0.4431184722633286,0.0,0.0,-0.20892174852273326,0.0,0.0,0.0,0.28446799176377513,0.0,0.0,0.0,0.9999999998913263,0.0,0.0,0.0,0.4431184722633286,0.0,-0.3133826227840999,7.35189150039033e-18,5.075786740680792e-17,0.0,0.0,0.28446799176377513,-7.03809262501614e-17,0.0,0.0,0.9999999998913263,3.5383889016063896e-18,0.0,0.0,0.4431184722633286,0.3647983664153492,-8.510957274505525e-07,0.01752063024021221,0.0,0.0,5.142860047195435e-17,0.44303519028579513,0.0,0.0,3.5383889016063896e-18,0.999999999976888,0.0,0.0,-8.706647032615298e-18,-0.2839306925078546,0.0,0.0,0.017781119873481875,0.0,0.0,0.0,0.4431184722633286,0.0,0.0,0.0,1.0000000000155191,0.0,0.0,-0.1419653462539273,0.0,0.0,0.0,0.017781119873481875,0.0,0.0,0.0,0.4431184722633286,0.0,0.0,0.0,1.0000000000155191,0.0,-0.2129480193808909,-1.6919619064957953e-20,1.1932135648717174e-18,0.0,0.0,0.017781119873481875,-1.3094367744510086e-17,0.0,0.0,0.4431184722633286,-8.706647032615298e-18,0.0,0.0,1.0000000000155191]},{"atoms":["He","Ca"],"basis":"sto-6g","numCols":14,"numRows":14,"positions":[0.0,0.0,0.0,1.0,0.5,0.75],"values":[0.999999999897583